6.019183e+01
6.018052e+01
6.016198e+01
6.013665e+01
6.010514e+01
6.006816e+01
6.002656e+01
5.998123e+01
5.993312e+01
5.988319e+01
5.983236e+01
5.978151e+01
5.973146e+01
5.968288e+01
5.963635e+01
5.959229e+01
5.955098e+01
5.951251e+01
5.947685e+01
5.944378e+01
5.941295e+01
5.938395e+01
5.935644e+01
5.933027e+01
5.930535e+01
5.928172e+01
5.925947e+01
5.923873e+01
5.921967e+01
5.920247e+01
5.918730e+01
5.917432e+01
5.916364e+01
5.915533e+01
5.914936e+01
5.914566e+01
5.914403e+01
5.914419e+01
5.914576e+01
5.914823e+01
5.915101e+01
5.915346e+01
5.915510e+01
5.915564e+01
5.915495e+01
5.915306e+01
5.915009e+01
5.914630e+01
5.914196e+01
5.913742e+01
5.913304e+01
5.912916e+01
5.912610e+01
5.912412e+01
5.912340e+01
5.912403e+01
5.912599e+01
5.912915e+01
5.913325e+01
5.913790e+01
5.914258e+01
5.914670e+01
5.914981e+01
5.915164e+01
5.915207e+01
5.915111e+01
5.914892e+01
5.914572e+01
5.914182e+01
5.913756e+01
5.913333e+01
5.912949e+01
5.912636e+01
5.912425e+01
5.912335e+01
5.912379e+01
5.912558e+01
5.912859e+01
5.913260e+01
5.913721e+01
5.914192e+01
5.914613e+01
5.914938e+01
5.915137e+01
5.915198e+01
5.915120e+01
5.914916e+01
5.914609e+01
5.914226e+01
5.913805e+01
5.913380e+01
5.912990e+01
5.912669e+01
5.912446e+01
5.912343e+01
5.912373e+01
5.912539e+01
5.912831e+01
5.913224e+01
5.913682e+01
5.914153e+01
5.914579e+01
5.914912e+01
5.915121e+01
5.915193e+01
5.915126e+01
5.914932e+01
5.914632e+01
5.914255e+01
5.913836e+01
5.913411e+01
5.913017e+01
5.912690e+01
5.912459e+01
5.912348e+01
5.912369e+01
5.912527e+01
5.912811e+01
5.913200e+01
5.913656e+01
5.914127e+01
5.914556e+01
5.914894e+01
5.915111e+01
5.915190e+01
5.915130e+01
5.914943e+01
5.914648e+01
5.914275e+01
5.913857e+01
5.913432e+01
5.913036e+01
5.912705e+01
5.912469e+01
5.912351e+01
5.912367e+01
5.912518e+01
5.912798e+01
5.913183e+01
5.913637e+01
5.914109e+01
5.914540e+01
5.914882e+01
5.915103e+01
5.915187e+01
5.915133e+01
5.914950e+01
5.914660e+01
5.914289e+01
5.913873e+01
5.913447e+01
5.913050e+01
5.912716e+01
5.912476e+01
5.912354e+01
5.912364e+01
5.912512e+01
5.912788e+01
5.913170e+01
5.913623e+01
5.914095e+01
5.914528e+01
5.914872e+01
5.915097e+01
5.915185e+01
5.915135e+01
5.914956e+01
5.914668e+01
5.914300e+01
5.913884e+01
5.913459e+01
5.913060e+01
5.912724e+01
5.912481e+01
5.912356e+01
5.912363e+01
5.912507e+01
5.912780e+01
5.913160e+01
5.913612e+01
5.914084e+01
5.914518e+01
5.914865e+01
5.915092e+01
5.915184e+01
5.915137e+01
5.914961e+01
5.914675e+01
5.914309e+01
5.913894e+01
5.913468e+01
5.913069e+01
5.912731e+01
5.912485e+01
5.912357e+01
5.912362e+01
5.912503e+01
5.912774e+01
5.913152e+01
5.913603e+01
5.914076e+01
5.914511e+01
5.914859e+01
5.915089e+01
5.915183e+01
5.915138e+01
5.914965e+01
5.914681e+01
5.914316e+01
5.913902e+01
5.913476e+01
5.913075e+01
5.912736e+01
5.912489e+01
5.912359e+01
5.912361e+01
5.912500e+01
5.912768e+01
5.913146e+01
5.913596e+01
5.914069e+01
5.914504e+01
5.914854e+01
5.915086e+01
5.915182e+01
5.915140e+01
5.914968e+01
5.914686e+01
5.914321e+01
5.913908e+01
5.913482e+01
5.913081e+01
5.912740e+01
5.912492e+01
5.912360e+01
5.912360e+01
5.912497e+01
5.912764e+01
5.913140e+01
5.913590e+01
5.914063e+01
5.914499e+01
5.914850e+01
5.915083e+01
5.915181e+01
5.915140e+01
5.914970e+01
5.914690e+01
5.914326e+01
5.913913e+01
5.913487e+01
5.913086e+01
5.912744e+01
5.912494e+01
5.912361e+01
5.912359e+01
5.912495e+01
5.912761e+01
5.913136e+01
5.913585e+01
5.914058e+01
5.914495e+01
5.914847e+01
5.915081e+01
5.915180e+01
5.915141e+01
5.914972e+01
5.914693e+01
5.914330e+01
5.913918e+01
5.913492e+01
5.913090e+01
5.912747e+01
5.912496e+01
5.912361e+01
5.912358e+01
5.912493e+01
5.912757e+01
5.913132e+01
5.913581e+01
5.914053e+01
5.914491e+01
5.914844e+01
5.915079e+01
5.915180e+01
5.915142e+01
5.914974e+01
5.914696e+01
5.914334e+01
5.913922e+01
5.913496e+01
5.913093e+01
5.912750e+01
5.912498e+01
5.912362e+01
5.912358e+01
5.912491e+01
5.912755e+01
5.913128e+01
5.913577e+01
5.914050e+01
5.914488e+01
5.914841e+01
5.915077e+01
5.915179e+01
5.915143e+01
5.914976e+01
5.914698e+01
5.914337e+01
5.913925e+01
5.913499e+01
5.913096e+01
5.912753e+01
5.912500e+01
5.912362e+01
5.912357e+01
5.912490e+01
5.912752e+01
5.913126e+01
5.913574e+01
5.914047e+01
5.914485e+01
5.914839e+01
5.915076e+01
5.915179e+01
5.915143e+01
5.914977e+01
5.914701e+01
5.914340e+01
5.913928e+01
5.913502e+01
5.913099e+01
5.912755e+01
5.912501e+01
5.912363e+01
5.912357e+01
5.912488e+01
5.912750e+01
5.913123e+01
5.913571e+01
5.914044e+01
5.914482e+01
5.914837e+01
5.915075e+01
5.915178e+01
5.915144e+01
5.914979e+01
5.914703e+01
5.914342e+01
5.913931e+01
5.913505e+01
5.913101e+01
5.912757e+01
5.912502e+01
5.912363e+01
5.912356e+01
5.912487e+01
5.912749e+01
5.913121e+01
5.913568e+01
5.914041e+01
5.914480e+01
5.914835e+01
5.915074e+01
5.915178e+01
5.915144e+01
5.914980e+01
5.914704e+01
5.914344e+01
5.913933e+01
5.913507e+01
5.913103e+01
5.912758e+01
5.912503e+01
5.912364e+01
5.912356e+01
5.912486e+01
5.912747e+01
5.913119e+01
5.913566e+01
5.914039e+01
5.914478e+01
5.914833e+01
5.915073e+01
5.915178e+01
5.915144e+01
5.914981e+01
5.914706e+01
5.914346e+01
5.913935e+01
5.913509e+01
5.913105e+01
5.912760e+01
5.912504e+01
5.912364e+01
5.912356e+01
5.912485e+01
5.912746e+01
5.913117e+01
5.913564e+01
5.914037e+01
5.914476e+01
5.914832e+01
5.915072e+01
5.915177e+01
5.915145e+01
5.914982e+01
5.914707e+01
5.914348e+01
5.913937e+01
5.913511e+01
5.913107e+01
5.912761e+01
5.912505e+01
5.912365e+01
5.912356e+01
5.912484e+01
5.912744e+01
5.913115e+01
5.913562e+01
5.914035e+01
5.914474e+01
5.914831e+01
5.915071e+01
5.915177e+01
5.915145e+01
5.914983e+01
5.914708e+01
5.914350e+01
5.913939e+01
5.913513e+01
5.913109e+01
5.912762e+01
5.912506e+01
5.912365e+01
5.912355e+01
5.912484e+01
5.912743e+01
5.913113e+01
5.913560e+01
5.914033e+01
5.914473e+01
5.914829e+01
5.915070e+01
5.915177e+01
5.915145e+01
5.914983e+01
5.914710e+01
5.914351e+01
5.913940e+01
5.913514e+01
5.913110e+01
5.912764e+01
5.912507e+01
5.912365e+01
5.912355e+01
5.912483e+01
5.912742e+01
5.913112e+01
5.913559e+01
5.914032e+01
5.914471e+01
5.914828e+01
5.915070e+01
5.915177e+01
5.915146e+01
5.914984e+01
5.914711e+01
5.914352e+01
5.913942e+01
5.913516e+01
5.913111e+01
5.912765e+01
5.912507e+01
5.912365e+01
5.912355e+01
5.912482e+01
5.912741e+01
5.913111e+01
5.913557e+01
5.914030e+01
5.914470e+01
5.914827e+01
5.915069e+01
5.915177e+01
5.915146e+01
5.914985e+01
5.914712e+01
5.914353e+01
5.913943e+01
5.913517e+01
5.913112e+01
5.912766e+01
5.912508e+01
5.912366e+01
5.912355e+01
5.912482e+01
5.912740e+01
5.913110e+01
5.913556e+01
5.914029e+01
5.914469e+01
5.914826e+01
5.915068e+01
5.915176e+01
5.915146e+01
5.914985e+01
5.914713e+01
5.914355e+01
5.913944e+01
5.913518e+01
5.913114e+01
5.912766e+01
5.912509e+01
5.912366e+01
5.912355e+01
5.912481e+01
5.912739e+01
5.913109e+01
5.913555e+01
5.914028e+01
5.914468e+01
5.914826e+01
5.915068e+01
5.915176e+01
5.915146e+01
5.914986e+01
5.914713e+01
5.914356e+01
5.913945e+01
5.913519e+01
5.913115e+01
5.912767e+01
5.912509e+01
5.912366e+01
5.912354e+01
5.912481e+01
5.912738e+01
5.913108e+01
5.913554e+01
5.914027e+01
5.914467e+01
5.914825e+01
5.915067e+01
5.915176e+01
5.915146e+01
5.914986e+01
5.914714e+01
5.914357e+01
5.913946e+01
5.913520e+01
5.913115e+01
5.912768e+01
5.912510e+01
5.912366e+01
5.912354e+01
5.912480e+01
5.912738e+01
5.913107e+01
5.913553e+01
5.914026e+01
5.914466e+01
5.914824e+01
5.915067e+01
5.915176e+01
5.915147e+01
5.914987e+01
5.914715e+01
5.914357e+01
5.913947e+01
5.913521e+01
5.913116e+01
5.912769e+01
5.912510e+01
5.912366e+01
5.912354e+01
5.912480e+01
5.912737e+01
5.913106e+01
5.913552e+01
5.914025e+01
5.914465e+01
5.914823e+01
5.915067e+01
5.915176e+01
5.915147e+01
5.914987e+01
5.914715e+01
5.914358e+01
5.913948e+01
5.913522e+01
5.913117e+01
5.912769e+01
5.912511e+01
5.912366e+01
5.912354e+01
5.912479e+01
5.912736e+01
5.913105e+01
5.913551e+01
5.914024e+01
5.914464e+01
5.914823e+01
5.915066e+01
5.915176e+01
5.915147e+01
5.914988e+01
5.914716e+01
5.914359e+01
5.913949e+01
5.913523e+01
5.913118e+01
5.912770e+01
5.912511e+01
5.912367e+01
5.912354e+01
5.912479e+01
5.912736e+01
5.913104e+01
5.913550e+01
5.914023e+01
5.914464e+01
5.914822e+01
5.915066e+01
5.915176e+01
5.915147e+01
5.914988e+01
5.914717e+01
5.914360e+01
5.913950e+01
5.913524e+01
5.913119e+01
5.912770e+01
5.912511e+01
5.912367e+01
5.912354e+01
5.912479e+01
5.912735e+01
5.913103e+01
5.913549e+01
5.914022e+01
5.914463e+01
5.914822e+01
5.915065e+01
5.915175e+01
5.915147e+01
5.914988e+01
5.914717e+01
5.914360e+01
5.913951e+01
5.913525e+01
5.913119e+01
5.912771e+01
5.912512e+01
5.912367e+01
5.912354e+01
5.912478e+01
5.912735e+01
5.913103e+01
5.913548e+01
5.914021e+01
5.914462e+01
5.914821e+01
5.915065e+01
5.915175e+01
5.915147e+01
5.914989e+01
5.914718e+01
5.914361e+01
5.913951e+01
5.913525e+01
5.913120e+01
5.912772e+01
5.912512e+01
5.912367e+01
5.912354e+01
5.912478e+01
5.912734e+01
5.913102e+01
5.913548e+01
5.914021e+01
5.914462e+01
5.914821e+01
5.915065e+01
5.915175e+01
5.915147e+01
5.914989e+01
5.914718e+01
5.914362e+01
5.913952e+01
5.913526e+01
5.913121e+01
5.912772e+01
5.912512e+01
5.912367e+01
5.912353e+01
5.912478e+01
5.912734e+01
5.913102e+01
5.913547e+01
5.914020e+01
5.914461e+01
5.914820e+01
5.915064e+01
5.915175e+01
5.915148e+01
5.914989e+01
5.914719e+01
5.914362e+01
5.913953e+01
5.913527e+01
5.913121e+01
5.912772e+01
5.912513e+01
5.912367e+01
5.912353e+01
5.912477e+01
5.912733e+01
5.913101e+01
5.913546e+01
5.914019e+01
5.914460e+01
5.914820e+01
5.915064e+01
5.915175e+01
5.915148e+01
5.914990e+01
5.914719e+01
5.914363e+01
5.913953e+01
5.913527e+01
5.913122e+01
5.912773e+01
5.912513e+01
5.912367e+01
5.912353e+01
5.912477e+01
5.912733e+01
5.913100e+01
5.913546e+01
5.914019e+01
5.914460e+01
5.914819e+01
5.915064e+01
5.915175e+01
5.915148e+01
5.914990e+01
5.914720e+01
5.914363e+01
5.913954e+01
5.913528e+01
5.913122e+01
5.912773e+01
5.912513e+01
5.912367e+01
5.912353e+01
5.912477e+01
5.912732e+01
5.913100e+01
5.913545e+01
5.914018e+01
5.914459e+01
5.914819e+01
5.915064e+01
5.915175e+01
5.915148e+01
5.914990e+01
5.914720e+01
5.914364e+01
5.913954e+01
5.913528e+01
5.913123e+01
5.912774e+01
5.912513e+01
5.912368e+01
5.912353e+01
5.912477e+01
5.912732e+01
5.913099e+01
5.913545e+01
5.914018e+01
5.914459e+01
5.914819e+01
5.915063e+01
5.915175e+01
5.915148e+01
5.914990e+01
5.914720e+01
5.914364e+01
5.913955e+01
5.913529e+01
5.913123e+01
5.912774e+01
5.912514e+01
5.912368e+01
5.912353e+01
5.912476e+01
5.912732e+01
5.913099e+01
5.913544e+01
5.914017e+01
5.914458e+01
5.914818e+01
5.915063e+01
5.915175e+01
5.915148e+01
5.914991e+01
5.914721e+01
5.914365e+01
5.913955e+01
5.913529e+01
5.913123e+01
5.912774e+01
5.912514e+01
5.912368e+01
5.912353e+01
5.912476e+01
5.912731e+01
5.913099e+01
5.913544e+01
5.914017e+01
5.914458e+01
5.914818e+01
5.915063e+01
5.915175e+01
5.915148e+01
5.914991e+01
5.914721e+01
5.914365e+01
5.913956e+01
5.913530e+01
5.913124e+01
5.912775e+01
5.912514e+01
5.912368e+01
5.912353e+01
5.912476e+01
5.912731e+01
5.913098e+01
5.913543e+01
5.914016e+01
5.914458e+01
5.914818e+01
5.915063e+01
5.915175e+01
5.915148e+01
5.914991e+01
5.914721e+01
5.914365e+01
5.913956e+01
5.913530e+01
5.913124e+01
5.912775e+01
5.912514e+01
5.912368e+01
5.912353e+01
5.912476e+01
5.912731e+01
5.913098e+01
5.913543e+01
5.914016e+01
5.914457e+01
5.914817e+01
5.915063e+01
5.915175e+01
5.915148e+01
5.914991e+01
5.914722e+01
5.914366e+01
5.913957e+01
5.913530e+01
5.913125e+01
5.912775e+01
5.912514e+01
5.912368e+01
5.912353e+01
5.912476e+01
5.912730e+01
5.913097e+01
5.913543e+01
5.914015e+01
5.914457e+01
5.914817e+01
5.915062e+01
5.915174e+01
5.915148e+01
5.914991e+01
5.914722e+01
5.914366e+01
5.913957e+01
5.913531e+01
5.913125e+01
5.912776e+01
5.912515e+01
5.912368e+01
5.912353e+01
5.912475e+01
5.912730e+01
5.913097e+01
5.913542e+01
5.914015e+01
5.914456e+01
5.914817e+01
5.915062e+01
5.915174e+01
5.915148e+01
5.914992e+01
5.914722e+01
5.914367e+01
5.913957e+01
5.913531e+01
5.913125e+01
5.912776e+01
5.912515e+01
5.912368e+01
5.912353e+01
5.912475e+01
5.912730e+01
5.913097e+01
5.913542e+01
5.914015e+01
5.914456e+01
5.914816e+01
5.915062e+01
5.915174e+01
5.915148e+01
5.914992e+01
5.914722e+01
5.914367e+01
5.913958e+01
5.913532e+01
5.913126e+01
5.912776e+01
5.912515e+01
5.912368e+01
5.912353e+01
5.912475e+01
5.912730e+01
5.913096e+01
5.913541e+01
5.914014e+01
5.914456e+01
5.914816e+01
5.915062e+01
5.915174e+01
5.915148e+01
5.914992e+01
5.914723e+01
5.914367e+01
5.913958e+01
5.913532e+01
5.913126e+01
5.912776e+01
5.912515e+01
5.912368e+01
5.912353e+01
5.912475e+01
5.912729e+01
5.913096e+01
5.913541e+01
5.914014e+01
5.914456e+01
5.914816e+01
5.915062e+01
5.915174e+01
5.915149e+01
5.914992e+01
5.914723e+01
5.914367e+01
5.913959e+01
5.913532e+01
5.913126e+01
5.912777e+01
5.912515e+01
5.912368e+01
5.912353e+01
5.912475e+01
5.912729e+01
5.913096e+01
5.913541e+01
5.914014e+01
5.914455e+01
5.914816e+01
5.915062e+01
5.915174e+01
5.915149e+01
5.914992e+01
5.914723e+01
5.914368e+01
5.913959e+01
5.913533e+01
5.913127e+01
5.912777e+01
5.912515e+01
5.912368e+01
5.912352e+01
5.912475e+01
5.912729e+01
5.913095e+01
5.913540e+01
5.914013e+01
5.914455e+01
5.914816e+01
5.915062e+01
5.915174e+01
5.915149e+01
5.914992e+01
5.914723e+01
5.914368e+01
5.913959e+01
5.913533e+01
5.913127e+01
5.912777e+01
5.912516e+01
5.912368e+01
5.912352e+01
5.912474e+01
5.912729e+01
5.913095e+01
5.913540e+01
5.914013e+01
5.914455e+01
5.914815e+01
5.915061e+01
5.915174e+01
5.915149e+01
5.914992e+01
5.914724e+01
5.914368e+01
5.913959e+01
5.913533e+01
5.913127e+01
5.912777e+01
5.912516e+01
5.912368e+01
5.912352e+01
5.912474e+01
5.912728e+01
5.913095e+01
5.913540e+01
5.914013e+01
5.914454e+01
5.914815e+01
5.915061e+01
5.915174e+01
5.915149e+01
5.914993e+01
5.914724e+01
5.914369e+01
5.913960e+01
5.913533e+01
5.913127e+01
5.912777e+01
5.912516e+01
5.912368e+01
5.912352e+01
5.912474e+01
5.912728e+01
5.913095e+01
5.913539e+01
5.914012e+01
5.914454e+01
5.914815e+01
5.915061e+01
5.915174e+01
5.915149e+01
5.914993e+01
5.914724e+01
5.914369e+01
5.913960e+01
5.913534e+01
5.913128e+01
5.912778e+01
5.912516e+01
5.912368e+01
5.912352e+01
5.912474e+01
5.912728e+01
5.913094e+01
5.913539e+01
5.914012e+01
5.914454e+01
5.914815e+01
5.915061e+01
5.915174e+01
5.915149e+01
5.914993e+01
5.914724e+01
5.914369e+01
5.913960e+01
5.913534e+01
5.913128e+01
5.912778e+01
5.912516e+01
5.912369e+01
5.912352e+01
5.912474e+01
5.912728e+01
5.913094e+01
5.913539e+01
5.914012e+01
5.914454e+01
5.914815e+01
5.915061e+01
5.915174e+01
5.915149e+01
5.914993e+01
5.914724e+01
5.914369e+01
5.913960e+01
5.913534e+01
5.913128e+01
5.912778e+01
5.912516e+01
5.912369e+01
5.912352e+01
5.912474e+01
5.912728e+01
5.913094e+01
5.913539e+01
5.914012e+01
5.914453e+01
5.914814e+01
5.915061e+01
5.915174e+01
5.915149e+01
5.914993e+01
5.914724e+01
5.914369e+01
5.913961e+01
5.913535e+01
5.913128e+01
5.912778e+01
5.912516e+01
5.912369e+01
5.912352e+01
5.912474e+01
5.912727e+01
5.913094e+01
5.913538e+01
5.914011e+01
5.914453e+01
5.914814e+01
5.915061e+01
5.915174e+01
5.915149e+01
5.914993e+01
5.914725e+01
5.914370e+01
5.913961e+01
5.913535e+01
5.913129e+01
5.912778e+01
5.912516e+01
5.912369e+01
5.912352e+01
5.912474e+01
5.912727e+01
5.913094e+01
5.913538e+01
5.914011e+01
5.914453e+01
5.914814e+01
5.915061e+01
5.915174e+01
5.915149e+01
5.914993e+01
5.914725e+01
5.914370e+01
5.913961e+01
5.913535e+01
5.913129e+01
5.912779e+01
5.912517e+01
5.912369e+01
5.912352e+01
5.912474e+01
5.912727e+01
5.913093e+01
5.913538e+01
5.914011e+01
5.914453e+01
5.914814e+01
5.915060e+01
5.915174e+01
5.915149e+01
5.914993e+01
5.914725e+01
5.914370e+01
5.913961e+01
5.913535e+01
5.913129e+01
5.912779e+01
5.912517e+01
5.912369e+01
5.912352e+01
5.912473e+01
5.912727e+01
5.913093e+01
5.913538e+01
5.914011e+01
5.914453e+01
5.914814e+01
5.915060e+01
5.915174e+01
5.915149e+01
5.914994e+01
5.914725e+01
5.914370e+01
5.913962e+01
5.913535e+01
5.913129e+01
5.912779e+01
5.912517e+01
5.912369e+01
5.912352e+01
5.912473e+01
5.912727e+01
5.913093e+01
5.913538e+01
5.914010e+01
5.914452e+01
5.914814e+01
5.915060e+01
5.915174e+01
5.915149e+01
5.914994e+01
5.914725e+01
5.914370e+01
5.913962e+01
5.913536e+01
5.913129e+01
5.912779e+01
5.912517e+01
5.912369e+01
5.912352e+01
5.912473e+01
5.912727e+01
5.913093e+01
5.913537e+01
5.914010e+01
5.914452e+01
5.914813e+01
5.915060e+01
5.915174e+01
5.915149e+01
5.914994e+01
5.914725e+01
5.914371e+01
5.913962e+01
5.913536e+01
5.913129e+01
5.912779e+01
5.912517e+01
5.912369e+01
5.912352e+01
5.912473e+01
5.912727e+01
5.913093e+01
5.913537e+01
5.914010e+01
5.914452e+01
5.914813e+01
5.915060e+01
5.915174e+01
5.915149e+01
5.914994e+01
5.914726e+01
5.914371e+01
5.913962e+01
5.913536e+01
5.913130e+01
5.912779e+01
5.912517e+01
5.912369e+01
5.912352e+01
5.912473e+01
5.912726e+01
5.913092e+01
5.913537e+01
5.914010e+01
5.914452e+01
5.914813e+01
5.915060e+01
5.915174e+01
5.915149e+01
5.914994e+01
5.914726e+01
5.914371e+01
5.913962e+01
5.913536e+01
5.913130e+01
5.912779e+01
5.912517e+01
5.912369e+01
5.912352e+01
5.912473e+01
5.912726e+01
5.913092e+01
5.913537e+01
5.914010e+01
5.914452e+01
5.914813e+01
5.915060e+01
5.915174e+01
5.915149e+01
5.914994e+01
5.914726e+01
5.914371e+01
5.913963e+01
5.913536e+01
5.913130e+01
5.912780e+01
5.912517e+01
5.912369e+01
5.912352e+01
5.912473e+01
5.912726e+01
5.913092e+01
5.913537e+01
5.914009e+01
5.914452e+01
5.914813e+01
5.915060e+01
5.915174e+01
5.915149e+01
5.914994e+01
5.914726e+01
5.914371e+01
5.913963e+01
5.913537e+01
5.913130e+01
5.912780e+01
5.912517e+01
5.912369e+01
5.912352e+01
5.912473e+01
5.912726e+01
5.913092e+01
5.913536e+01
5.914009e+01
5.914451e+01
5.914813e+01
5.915060e+01
5.915174e+01
5.915149e+01
5.914994e+01
5.914726e+01
5.914371e+01
5.913963e+01
5.913537e+01
5.913130e+01
5.912780e+01
5.912517e+01
5.912369e+01
5.912352e+01
5.912473e+01
5.912726e+01
5.913092e+01
5.913536e+01
5.914009e+01
5.914451e+01
5.914813e+01
5.915060e+01
5.915174e+01
5.915149e+01
5.914994e+01
5.914726e+01
5.914372e+01
5.913963e+01
5.913537e+01
5.913130e+01
5.912780e+01
5.912517e+01
5.912369e+01
5.912352e+01
5.912473e+01
5.912726e+01
5.913092e+01
5.913536e+01
5.914009e+01
5.914451e+01
5.914812e+01
5.915060e+01
5.915174e+01
5.915149e+01
5.914994e+01
5.914726e+01
5.914372e+01
5.913963e+01
5.913537e+01
5.913131e+01
5.912780e+01
5.912518e+01
5.912369e+01
5.912352e+01
5.912473e+01
5.912726e+01
5.913091e+01
5.913536e+01
5.914009e+01
5.914451e+01
5.914812e+01
5.915060e+01
5.915174e+01
5.915149e+01
5.914994e+01
5.914726e+01
5.914372e+01
5.913963e+01
5.913537e+01
5.913131e+01
5.912780e+01
5.912518e+01
5.912369e+01
5.912352e+01
5.912473e+01
5.912726e+01
5.913091e+01
5.913536e+01
5.914009e+01
5.914451e+01
5.914812e+01
5.915059e+01
5.915174e+01
5.915149e+01
5.914994e+01
5.914727e+01
5.914372e+01
5.913964e+01
5.913537e+01
5.913131e+01
5.912780e+01
5.912518e+01
5.912369e+01
5.912352e+01
5.912472e+01
5.912725e+01
5.913091e+01
5.913536e+01
5.914008e+01
5.914451e+01
5.914812e+01
5.915059e+01
5.915174e+01
5.915149e+01
5.914995e+01
5.914727e+01
5.914372e+01
5.913964e+01
5.913537e+01
5.913131e+01
5.912780e+01
5.912518e+01
5.912369e+01
5.912352e+01
5.912472e+01
5.912725e+01
5.913091e+01
5.913535e+01
5.914008e+01
5.914451e+01
5.914812e+01
5.915059e+01
5.915173e+01
5.915149e+01
5.914995e+01
5.914727e+01
5.914372e+01
5.913964e+01
5.913538e+01
5.913131e+01
5.912780e+01
5.912518e+01
5.912369e+01
5.912352e+01
5.912472e+01
5.912725e+01
5.913091e+01
5.913535e+01
5.914008e+01
5.914450e+01
5.914812e+01
5.915059e+01
5.915173e+01
5.915149e+01
5.914995e+01
5.914727e+01
5.914372e+01
5.913964e+01
5.913538e+01
5.913131e+01
5.912781e+01
5.912518e+01
5.912369e+01
5.912352e+01
5.912472e+01
5.912725e+01
5.913091e+01
5.913535e+01
5.914008e+01
5.914450e+01
5.914812e+01
5.915059e+01
5.915173e+01
5.915150e+01
5.914995e+01
5.914727e+01
5.914373e+01
5.913964e+01
5.913538e+01
5.913131e+01
5.912781e+01
5.912518e+01
5.912369e+01
5.912352e+01
5.912472e+01
5.912725e+01
5.913091e+01
5.913535e+01
5.914008e+01
5.914450e+01
5.914812e+01
5.915059e+01
5.915173e+01
5.915150e+01
5.914995e+01
5.914727e+01
5.914373e+01
5.913964e+01
5.913538e+01
5.913131e+01
5.912781e+01
5.912518e+01
5.912369e+01
5.912352e+01
5.912472e+01
5.912725e+01
5.913091e+01
5.913535e+01
5.914008e+01
5.914450e+01
5.914812e+01
5.915059e+01
5.915173e+01
5.915150e+01
5.914995e+01
5.914727e+01
5.914373e+01
5.913964e+01
5.913538e+01
5.913132e+01
5.912781e+01
5.912518e+01
5.912369e+01
5.912352e+01
5.912472e+01
5.912725e+01
5.913090e+01
5.913535e+01
5.914008e+01
5.914450e+01
5.914812e+01
5.915059e+01
5.915173e+01
5.915150e+01
5.914995e+01
5.914727e+01
5.914373e+01
5.913965e+01
5.913538e+01
5.913132e+01
5.912781e+01
5.912518e+01
5.912369e+01
5.912352e+01
5.912472e+01
5.912725e+01
5.913090e+01
5.913535e+01
5.914008e+01
5.914450e+01
5.914811e+01
5.915059e+01
5.915173e+01
5.915150e+01
5.914995e+01
5.914727e+01
5.914373e+01
5.913965e+01
5.913538e+01
5.913132e+01
5.912781e+01
5.912518e+01
5.912369e+01
5.912352e+01
5.912472e+01
5.912725e+01
5.913090e+01
5.913534e+01
5.914007e+01
5.914450e+01
5.914811e+01
5.915059e+01
5.915173e+01
5.915150e+01
5.914995e+01
5.914727e+01
5.914373e+01
5.913965e+01
5.913539e+01
5.913132e+01
5.912781e+01
5.912518e+01
5.912369e+01
5.912352e+01
5.912472e+01
5.912725e+01
5.913090e+01
5.913534e+01
5.914007e+01
5.914450e+01
5.914811e+01
5.915059e+01
5.915173e+01
5.915150e+01
5.914995e+01
5.914727e+01
5.914373e+01
5.913965e+01
5.913539e+01
5.913132e+01
5.912781e+01
5.912518e+01
5.912369e+01
5.912352e+01
5.912472e+01
5.912724e+01
5.913090e+01
5.913534e+01
5.914007e+01
5.914449e+01
5.914811e+01
5.915059e+01
5.915173e+01
5.915150e+01
5.914995e+01
5.914728e+01
5.914373e+01
5.913965e+01
5.913539e+01
5.913132e+01
5.912781e+01
5.912518e+01
5.912369e+01
5.912352e+01
5.912472e+01
5.912724e+01
5.913090e+01
5.913534e+01
5.914007e+01
5.914449e+01
5.914811e+01
5.915059e+01
5.915173e+01
5.915150e+01
5.914995e+01
5.914728e+01
5.914373e+01
5.913965e+01
5.913539e+01
5.913132e+01
5.912781e+01
5.912518e+01
5.912369e+01
5.912352e+01
5.912472e+01
5.912724e+01
5.913090e+01
5.913534e+01
5.914007e+01
5.914449e+01
5.914811e+01
5.915059e+01
5.915173e+01
5.915150e+01
5.914995e+01
5.914728e+01
5.914374e+01
5.913965e+01
5.913539e+01
5.913132e+01
5.912781e+01
5.912518e+01
5.912369e+01
5.912352e+01
5.912472e+01
5.912724e+01
5.913090e+01
5.913534e+01
5.914007e+01
5.914449e+01
5.914811e+01
5.915059e+01
5.915173e+01
5.915150e+01
5.914995e+01
5.914728e+01
5.914374e+01
5.913965e+01
5.913539e+01
5.913132e+01
5.912781e+01
5.912519e+01
5.912369e+01
5.912352e+01
5.912472e+01
5.912724e+01
5.913090e+01
5.913534e+01
5.914007e+01
5.914449e+01
5.914811e+01
5.915059e+01
5.915173e+01
5.915150e+01
5.914995e+01
5.914728e+01
5.914374e+01
5.913965e+01
5.913539e+01
5.913133e+01
5.912782e+01
5.912519e+01
5.912369e+01
5.912352e+01
5.912472e+01
5.912724e+01
5.913089e+01
5.913534e+01
5.914007e+01
5.914449e+01
5.914811e+01
5.915059e+01
5.915173e+01
5.915150e+01
5.914995e+01
5.914728e+01
5.914374e+01
5.913966e+01
5.913539e+01
5.913133e+01
5.912782e+01
5.912519e+01
5.912369e+01
5.912352e+01
5.912472e+01
5.912724e+01
5.913089e+01
5.913534e+01
5.914006e+01
5.914449e+01
5.914811e+01
5.915059e+01
5.915173e+01
5.915150e+01
5.914995e+01
5.914728e+01
5.914374e+01
5.913966e+01
5.913539e+01
5.913133e+01
5.912782e+01
5.912519e+01
5.912369e+01
5.912352e+01
5.912472e+01
5.912724e+01
5.913089e+01
5.913533e+01
5.914006e+01
5.914449e+01
5.914811e+01
5.915059e+01
5.915173e+01
5.915150e+01
5.914995e+01
5.914728e+01
5.914374e+01
5.913966e+01
5.913539e+01
5.913133e+01
5.912782e+01
5.912519e+01
5.912369e+01
5.912351e+01
5.912471e+01
5.912724e+01
5.913089e+01
5.913533e+01
5.914006e+01
5.914449e+01
5.914811e+01
5.915058e+01
5.915173e+01
5.915150e+01
5.914996e+01
5.914728e+01
5.914374e+01
5.913966e+01
5.913540e+01
5.913133e+01
5.912782e+01
5.912519e+01
5.912369e+01
5.912351e+01
5.912471e+01
5.912724e+01
5.913089e+01
5.913533e+01
5.914006e+01
5.914449e+01
5.914811e+01
5.915058e+01
5.915173e+01
5.915150e+01
5.914996e+01
5.914728e+01
5.914374e+01
5.913966e+01
5.913540e+01
5.913133e+01
5.912782e+01
5.912519e+01
5.912369e+01
5.912351e+01
5.912471e+01
5.912724e+01
5.913089e+01
5.913533e+01
5.914006e+01
5.914449e+01
5.914810e+01
5.915058e+01
5.915173e+01
5.915150e+01
5.914996e+01
5.914728e+01
5.914374e+01
5.913966e+01
5.913540e+01
5.913133e+01
5.912782e+01
5.912519e+01
5.912370e+01
5.912351e+01
5.912471e+01
5.912724e+01
5.913089e+01
5.913533e+01
5.914006e+01
5.914448e+01
5.914810e+01
5.915058e+01
5.915173e+01
5.915150e+01
5.914996e+01
5.914728e+01
5.914374e+01
5.913966e+01
5.913540e+01
5.913133e+01
5.912782e+01
5.912519e+01
5.912370e+01
5.912351e+01
5.912471e+01
5.912724e+01
5.913089e+01
5.913533e+01
5.914006e+01
5.914448e+01
5.914810e+01
5.915058e+01
5.915173e+01
5.915150e+01
5.914996e+01
5.914728e+01
5.914374e+01
5.913966e+01
5.913540e+01
5.913133e+01
5.912782e+01
5.912519e+01
5.912370e+01
5.912351e+01
5.912471e+01
5.912724e+01
5.913089e+01
5.913533e+01
5.914006e+01
5.914448e+01
5.914810e+01
5.915058e+01
5.915173e+01
5.915150e+01
5.914996e+01
5.914728e+01
5.914374e+01
5.913966e+01
5.913540e+01
5.913133e+01
5.912782e+01
5.912519e+01
5.912370e+01
5.912351e+01
5.912471e+01
5.912723e+01
5.913089e+01
5.913533e+01
5.914006e+01
5.914448e+01
5.914810e+01
5.915058e+01
5.915173e+01
5.915150e+01
5.914996e+01
5.914729e+01
5.914375e+01
5.913966e+01
5.913540e+01
5.913133e+01
5.912782e+01
5.912519e+01
5.912370e+01
5.912351e+01
5.912471e+01
5.912723e+01
5.913089e+01
5.913533e+01
5.914006e+01
5.914448e+01
5.914810e+01
5.915058e+01
5.915173e+01
5.915150e+01
5.914996e+01
5.914729e+01
5.914375e+01
5.913966e+01
5.913540e+01
5.913133e+01
5.912782e+01
5.912519e+01
5.912370e+01
5.912351e+01
5.912471e+01
5.912723e+01
5.913089e+01
5.913533e+01
5.914006e+01
5.914448e+01
5.914810e+01
5.915058e+01
5.915173e+01
5.915150e+01
5.914996e+01
5.914729e+01
5.914375e+01
5.913966e+01
5.913540e+01
5.913133e+01
5.912782e+01
5.912519e+01
5.912370e+01
5.912351e+01
5.912471e+01
5.912723e+01
5.913088e+01
5.913533e+01
5.914006e+01
5.914448e+01
5.914810e+01
5.915058e+01
5.915173e+01
5.915150e+01
5.914996e+01
5.914729e+01
5.914375e+01
5.913967e+01
5.913540e+01
5.913134e+01
5.912782e+01
5.912519e+01
5.912370e+01
5.912351e+01
5.912471e+01
5.912723e+01
5.913088e+01
5.913533e+01
5.914005e+01
5.914448e+01
5.914810e+01
5.915058e+01
5.915173e+01
5.915150e+01
5.914996e+01
5.914729e+01
5.914375e+01
5.913967e+01
5.913540e+01
5.913134e+01
5.912782e+01
5.912519e+01
5.912370e+01
5.912351e+01
5.912471e+01
5.912723e+01
5.913088e+01
5.913532e+01
5.914005e+01
5.914448e+01
5.914810e+01
5.915058e+01
5.915173e+01
5.915150e+01
5.914996e+01
5.914729e+01
5.914375e+01
5.913967e+01
5.913540e+01
5.913134e+01
5.912782e+01
5.912519e+01
5.912370e+01
5.912351e+01
5.912471e+01
5.912723e+01
5.913088e+01
5.913532e+01
5.914005e+01
5.914448e+01
5.914810e+01
5.915058e+01
5.915173e+01
5.915150e+01
5.914996e+01
5.914729e+01
5.914375e+01
5.913967e+01
5.913541e+01
5.913134e+01
5.912783e+01
5.912519e+01
5.912370e+01
5.912351e+01
5.912471e+01
5.912723e+01
5.913088e+01
5.913532e+01
5.914005e+01
5.914448e+01
5.914810e+01
5.915058e+01
5.915173e+01
5.915150e+01
5.914996e+01
5.914729e+01
5.914375e+01
5.913967e+01
5.913541e+01
5.913134e+01
5.912783e+01
5.912519e+01
5.912370e+01
5.912351e+01
5.912471e+01
5.912723e+01
5.913088e+01
5.913532e+01
5.914005e+01
5.914448e+01
5.914810e+01
5.915058e+01
5.915173e+01
5.915150e+01
5.914996e+01
5.914729e+01
5.914375e+01
5.913967e+01
5.913541e+01
5.913134e+01
5.912783e+01
5.912519e+01
5.912370e+01
5.912351e+01
5.912471e+01
5.912723e+01
5.913088e+01
5.913532e+01
5.914005e+01
5.914448e+01
5.914810e+01
5.915058e+01
5.915173e+01
5.915150e+01
5.914996e+01
5.914729e+01
5.914375e+01
5.913967e+01
5.913541e+01
5.913134e+01
5.912783e+01
5.912519e+01
5.912370e+01
5.912351e+01
5.912471e+01
5.912723e+01
5.913088e+01
5.913532e+01
5.914005e+01
5.914448e+01
5.914810e+01
5.915058e+01
5.915173e+01
5.915150e+01
5.914996e+01
5.914729e+01
5.914375e+01
5.913967e+01
5.913541e+01
5.913134e+01
5.912783e+01
5.912519e+01
5.912370e+01
5.912351e+01
5.912471e+01
5.912723e+01
5.913088e+01
5.913532e+01
5.914005e+01
5.914447e+01
5.914810e+01
5.915058e+01
5.915173e+01
5.915150e+01
5.914996e+01
5.914729e+01
5.914375e+01
5.913967e+01
5.913541e+01
5.913134e+01
5.912783e+01
5.912519e+01
5.912370e+01
5.912351e+01
5.912471e+01
5.912723e+01
5.913088e+01
5.913532e+01
5.914005e+01
5.914447e+01
5.914810e+01
5.915058e+01
5.915173e+01
5.915150e+01
5.914996e+01
5.914729e+01
5.914375e+01
5.913967e+01
5.913541e+01
5.913134e+01
5.912783e+01
5.912519e+01
5.912370e+01
5.912351e+01
5.912471e+01
5.912723e+01
5.913088e+01
5.913532e+01
5.914005e+01
5.914447e+01
5.914810e+01
5.915058e+01
5.915173e+01
5.915150e+01
5.914996e+01
5.914729e+01
5.914375e+01
5.913967e+01
5.913541e+01
5.913134e+01
5.912783e+01
5.912519e+01
5.912370e+01
5.912351e+01
5.912471e+01
5.912723e+01
5.913088e+01
5.913532e+01
5.914005e+01
5.914447e+01
5.914810e+01
5.915058e+01
5.915173e+01
5.915150e+01
5.914996e+01
5.914729e+01
5.914375e+01
5.913967e+01
5.913541e+01
5.913134e+01
5.912783e+01
5.912519e+01
5.912370e+01
5.912351e+01
5.912471e+01
5.912723e+01
5.913088e+01
5.913532e+01
5.914005e+01
5.914447e+01
5.914809e+01
5.915058e+01
5.915173e+01
5.915150e+01
5.914996e+01
5.914729e+01
5.914376e+01
5.913967e+01
5.913541e+01
5.913134e+01
5.912783e+01
5.912519e+01
5.912370e+01
5.912351e+01
5.912471e+01
5.912723e+01
5.913088e+01
5.913532e+01
5.914005e+01
5.914447e+01
5.914809e+01
5.915058e+01
5.915173e+01
5.915150e+01
5.914996e+01
5.914729e+01
5.914376e+01
5.913967e+01
5.913541e+01
5.913134e+01
5.912783e+01
5.912520e+01
5.912370e+01
5.912351e+01
5.912471e+01
5.912723e+01
5.913088e+01
5.913532e+01
5.914005e+01
5.914447e+01
5.914809e+01
5.915058e+01
5.915173e+01
5.915150e+01
5.914996e+01
5.914729e+01
5.914376e+01
5.913968e+01
5.913541e+01
5.913134e+01
5.912783e+01
5.912520e+01
5.912370e+01
5.912351e+01
5.912471e+01
5.912723e+01
5.913088e+01
5.913532e+01
5.914004e+01
5.914447e+01
5.914809e+01
5.915058e+01
5.915173e+01
5.915150e+01
5.914996e+01
5.914729e+01
5.914376e+01
5.913968e+01
5.913541e+01
5.913134e+01
5.912783e+01
5.912520e+01
5.912370e+01
5.912351e+01
5.912471e+01
5.912723e+01
5.913087e+01
5.913531e+01
5.914004e+01
5.914447e+01
5.914809e+01
5.915058e+01
5.915173e+01
5.915150e+01
5.914996e+01
5.914729e+01
5.914376e+01
5.913968e+01
5.913541e+01
5.913135e+01
5.912783e+01
5.912520e+01
5.912370e+01
5.912351e+01
5.912471e+01
5.912723e+01
5.913087e+01
5.913531e+01
5.914004e+01
5.914447e+01
5.914809e+01
5.915058e+01
5.915173e+01
5.915150e+01
5.914996e+01
5.914730e+01
5.914376e+01
5.913968e+01
5.913541e+01
5.913135e+01
5.912783e+01
5.912520e+01
5.912370e+01
5.912351e+01
5.912471e+01
5.912722e+01
5.913087e+01
5.913531e+01
5.914004e+01
5.914447e+01
5.914809e+01
5.915058e+01
5.915173e+01
5.915150e+01
5.914996e+01
5.914730e+01
5.914376e+01
5.913968e+01
5.913542e+01
5.913135e+01
5.912783e+01
5.912520e+01
5.912370e+01
5.912351e+01
5.912471e+01
5.912722e+01
5.913087e+01
5.913531e+01
5.914004e+01
5.914447e+01
5.914809e+01
5.915058e+01
5.915173e+01
5.915150e+01
5.914996e+01
5.914730e+01
5.914376e+01
5.913968e+01
5.913542e+01
5.913135e+01
5.912783e+01
5.912520e+01
5.912370e+01
5.912351e+01
5.912471e+01
5.912722e+01
5.913087e+01
5.913531e+01
5.914004e+01
5.914447e+01
5.914809e+01
5.915058e+01
5.915173e+01
5.915150e+01
5.914996e+01
5.914730e+01
5.914376e+01
5.913968e+01
5.913542e+01
5.913135e+01
5.912783e+01
5.912520e+01
5.912370e+01
5.912351e+01
5.912471e+01
5.912722e+01
5.913087e+01
5.913531e+01
5.914004e+01
5.914447e+01
5.914809e+01
5.915058e+01
5.915173e+01
5.915150e+01
5.914997e+01
5.914730e+01
5.914376e+01
5.913968e+01
5.913542e+01
5.913135e+01
5.912783e+01
5.912520e+01
5.912370e+01
5.912351e+01
5.912470e+01
5.912722e+01
5.913087e+01
5.913531e+01
5.914004e+01
5.914447e+01
5.914809e+01
5.915057e+01
5.915173e+01
5.915150e+01
5.914997e+01
5.914730e+01
5.914376e+01
5.913968e+01
5.913542e+01
5.913135e+01
5.912783e+01
5.912520e+01
5.912370e+01
5.912351e+01
5.912470e+01
5.912722e+01
5.913087e+01
5.913531e+01
5.914004e+01
5.914447e+01
5.914809e+01
5.915057e+01
5.915173e+01
5.915150e+01
5.914997e+01
5.914730e+01
5.914376e+01
5.913968e+01
5.913542e+01
5.913135e+01
5.912783e+01
5.912520e+01
5.912370e+01
5.912351e+01
5.912470e+01
5.912722e+01
5.913087e+01
5.913531e+01
5.914004e+01
5.914447e+01
5.914809e+01
5.915057e+01
5.915173e+01
5.915150e+01
5.914997e+01
5.914730e+01
5.914376e+01
5.913968e+01
5.913542e+01
5.913135e+01
5.912783e+01
5.912520e+01
5.912370e+01
5.912351e+01
5.912470e+01
5.912722e+01
5.913087e+01
5.913531e+01
5.914004e+01
5.914447e+01
5.914809e+01
5.915057e+01
5.915173e+01
5.915150e+01
5.914997e+01
5.914730e+01
5.914376e+01
5.913968e+01
5.913542e+01
5.913135e+01
5.912784e+01
5.912520e+01
5.912370e+01
5.912351e+01
5.912470e+01
5.912722e+01
5.913087e+01
5.913531e+01
5.914004e+01
5.914446e+01
5.914809e+01
5.915057e+01
5.915173e+01
5.915150e+01
5.914997e+01
5.914730e+01
5.914376e+01
5.913968e+01
5.913542e+01
5.913135e+01
5.912784e+01
5.912520e+01
5.912370e+01
5.912351e+01
5.912470e+01
5.912722e+01
5.913087e+01
5.913531e+01
5.914004e+01
5.914446e+01
5.914809e+01
5.915057e+01
5.915173e+01
5.915150e+01
5.914997e+01
5.914730e+01
5.914376e+01
5.913968e+01
5.913542e+01
5.913135e+01
5.912784e+01
5.912520e+01
5.912370e+01
5.912351e+01
5.912470e+01
5.912722e+01
5.913087e+01
5.913531e+01
5.914004e+01
5.914446e+01
5.914809e+01
5.915057e+01
5.915173e+01
5.915150e+01
5.914997e+01
5.914730e+01
5.914376e+01
5.913968e+01
5.913542e+01
5.913135e+01
5.912784e+01
5.912520e+01
5.912370e+01
5.912351e+01
5.912470e+01
5.912722e+01
5.913087e+01
5.913531e+01
5.914004e+01
5.914446e+01
5.914809e+01
5.915057e+01
5.915173e+01
5.915150e+01
5.914997e+01
5.914730e+01
5.914376e+01
5.913968e+01
5.913542e+01
5.913135e+01
5.912784e+01
5.912520e+01
5.912370e+01
5.912351e+01
5.912470e+01
5.912722e+01
5.913087e+01
5.913531e+01
5.914004e+01
5.914446e+01
5.914809e+01
5.915057e+01
5.915173e+01
5.915150e+01
5.914997e+01
5.914730e+01
5.914376e+01
5.913968e+01
5.913542e+01
5.913135e+01
5.912784e+01
5.912520e+01
5.912370e+01
5.912351e+01
5.912470e+01
5.912722e+01
5.913087e+01
5.913531e+01
5.914004e+01
5.914446e+01
5.914809e+01
5.915057e+01
5.915173e+01
5.915150e+01
5.914997e+01
5.914730e+01
5.914376e+01
5.913968e+01
5.913542e+01
5.913135e+01
5.912784e+01
5.912520e+01
5.912370e+01
5.912351e+01
5.912470e+01
5.912722e+01
5.913087e+01
5.913531e+01
5.914004e+01
5.914446e+01
5.914809e+01
5.915057e+01
5.915173e+01
5.915150e+01
5.914997e+01
5.914730e+01
5.914376e+01
5.913968e+01
5.913542e+01
5.913135e+01
5.912784e+01
5.912520e+01
5.912370e+01
5.912351e+01
5.912470e+01
5.912722e+01
5.913087e+01
5.913531e+01
5.914004e+01
5.914446e+01
5.914809e+01
5.915057e+01
5.915173e+01
5.915150e+01
5.914997e+01
5.914730e+01
5.914377e+01
5.913968e+01
5.913542e+01
5.913135e+01
5.912784e+01
5.912520e+01
5.912370e+01
5.912351e+01
5.912470e+01
5.912722e+01
5.913087e+01
5.913531e+01
5.914003e+01
5.914446e+01
5.914809e+01
5.915057e+01
5.915173e+01
5.915150e+01
5.914997e+01
5.914730e+01
5.914377e+01
5.913969e+01
5.913542e+01
5.913135e+01
5.912784e+01
5.912520e+01
5.912370e+01
5.912351e+01
5.912470e+01
5.912722e+01
5.913087e+01
5.913531e+01
5.914003e+01
5.914446e+01
5.914809e+01
5.915057e+01
5.915173e+01
5.915150e+01
5.914997e+01
5.914730e+01
5.914377e+01
5.913969e+01
5.913542e+01
5.913135e+01
5.912784e+01
5.912520e+01
5.912370e+01
5.912351e+01
5.912470e+01
5.912722e+01
5.913087e+01
5.913530e+01
5.914003e+01
5.914446e+01
5.914809e+01
5.915057e+01
5.915173e+01
5.915150e+01
5.914997e+01
5.914730e+01
5.914377e+01
5.913969e+01
5.913542e+01
5.913135e+01
5.912784e+01
5.912520e+01
5.912370e+01
5.912351e+01
5.912470e+01
5.912722e+01
5.913087e+01
5.913530e+01
5.914003e+01
5.914446e+01
5.914809e+01
5.915057e+01
5.915173e+01
5.915150e+01
5.914997e+01
5.914730e+01
5.914377e+01
5.913969e+01
5.913542e+01
5.913135e+01
5.912784e+01
5.912520e+01
5.912370e+01
5.912351e+01
5.912470e+01
5.912722e+01
5.913087e+01
5.913530e+01
5.914003e+01
5.914446e+01
5.914809e+01
5.915057e+01
5.915173e+01
5.915150e+01
5.914997e+01
5.914730e+01
5.914377e+01
5.913969e+01
5.913542e+01
5.913135e+01
5.912784e+01
5.912520e+01
5.912370e+01
5.912351e+01
5.912470e+01
5.912722e+01
5.913086e+01
5.913530e+01
5.914003e+01
5.914446e+01
5.914808e+01
5.915057e+01
5.915173e+01
5.915150e+01
5.914997e+01
5.914730e+01
5.914377e+01
5.913969e+01
5.913542e+01
5.913136e+01
5.912784e+01
5.912520e+01
5.912370e+01
5.912351e+01
5.912470e+01
5.912722e+01
5.913086e+01
5.913530e+01
5.914003e+01
5.914446e+01
5.914808e+01
5.915057e+01
5.915173e+01
5.915150e+01
5.914997e+01
5.914730e+01
5.914377e+01
5.913969e+01
5.913543e+01
5.913136e+01
5.912784e+01
5.912520e+01
5.912370e+01
5.912351e+01
5.912470e+01
5.912722e+01
5.913086e+01
5.913530e+01
5.914003e+01
5.914446e+01
5.914808e+01
5.915057e+01
5.915173e+01
5.915150e+01
5.914997e+01
5.914730e+01
5.914377e+01
5.913969e+01
5.913543e+01
5.913136e+01
5.912784e+01
5.912520e+01
5.912370e+01
5.912351e+01
5.912470e+01
5.912722e+01
5.913086e+01
5.913530e+01
5.914003e+01
5.914446e+01
5.914808e+01
5.915057e+01
5.915173e+01
5.915150e+01
5.914997e+01
5.914730e+01
5.914377e+01
5.913969e+01
5.913543e+01
5.913136e+01
5.912784e+01
5.912520e+01
5.912370e+01
5.912351e+01
5.912470e+01
5.912722e+01
5.913086e+01
5.913530e+01
5.914003e+01
5.914446e+01
5.914808e+01
5.915057e+01
5.915173e+01
5.915150e+01
5.914997e+01
5.914730e+01
5.914377e+01
5.913969e+01
5.913543e+01
5.913136e+01
5.912784e+01
5.912520e+01
5.912370e+01
5.912351e+01
5.912470e+01
5.912722e+01
5.913086e+01
5.913530e+01
5.914003e+01
5.914446e+01
5.914808e+01
5.915057e+01
5.915173e+01
5.915150e+01
5.914997e+01
5.914730e+01
5.914377e+01
5.913969e+01
5.913543e+01
5.913136e+01
5.912784e+01
5.912520e+01
5.912370e+01
5.912351e+01
5.912470e+01
5.912722e+01
5.913086e+01
5.913530e+01
5.914003e+01
5.914446e+01
5.914808e+01
5.915057e+01
5.915173e+01
5.915150e+01
5.914997e+01
5.914730e+01
5.914377e+01
5.913969e+01
5.913543e+01
5.913136e+01
5.912784e+01
5.912520e+01
5.912370e+01
5.912351e+01
5.912470e+01
5.912722e+01
5.913086e+01
5.913530e+01
5.914003e+01
5.914446e+01
5.914808e+01
5.915057e+01
5.915173e+01
5.915150e+01
5.914997e+01
5.914730e+01
5.914377e+01
5.913969e+01
5.913543e+01
5.913136e+01
5.912784e+01
5.912520e+01
5.912370e+01
5.912351e+01
5.912470e+01
5.912722e+01
5.913086e+01
5.913530e+01
5.914003e+01
5.914446e+01
5.914808e+01
5.915057e+01
5.915173e+01
5.915150e+01
5.914997e+01
5.914731e+01
5.914377e+01
5.913969e+01
5.913543e+01
5.913136e+01
5.912784e+01
5.912520e+01
5.912370e+01
5.912351e+01
5.912470e+01
5.912721e+01
5.913086e+01
5.913530e+01
5.914003e+01
5.914446e+01
5.914808e+01
5.915057e+01
5.915173e+01
5.915150e+01
5.914997e+01
5.914731e+01
5.914377e+01
5.913969e+01
5.913543e+01
5.913136e+01
5.912784e+01
5.912520e+01
5.912370e+01
5.912351e+01
5.912470e+01
5.912721e+01
5.913086e+01
5.913530e+01
5.914003e+01
5.914446e+01
5.914808e+01
5.915057e+01
5.915173e+01
5.915150e+01
5.914997e+01
5.914731e+01
5.914377e+01
5.913969e+01
5.913543e+01
5.913136e+01
5.912784e+01
5.912520e+01
5.912370e+01
5.912351e+01
5.912470e+01
5.912721e+01
5.913086e+01
5.913530e+01
5.914003e+01
5.914446e+01
5.914808e+01
5.915057e+01
5.915173e+01
5.915150e+01
5.914997e+01
5.914731e+01
5.914377e+01
5.913969e+01
5.913543e+01
5.913136e+01
5.912784e+01
5.912520e+01
5.912370e+01
5.912351e+01
5.912470e+01
5.912721e+01
5.913086e+01
5.913530e+01
5.914003e+01
5.914446e+01
5.914808e+01
5.915057e+01
5.915173e+01
5.915150e+01
5.914997e+01
5.914731e+01
5.914377e+01
5.913969e+01
5.913543e+01
5.913136e+01
5.912784e+01
5.912520e+01
5.912370e+01
5.912351e+01
5.912470e+01
5.912721e+01
5.913086e+01
5.913530e+01
5.914003e+01
5.914446e+01
5.914808e+01
5.915057e+01
5.915173e+01
5.915150e+01
5.914997e+01
5.914731e+01
5.914377e+01
5.913969e+01
5.913543e+01
5.913136e+01
5.912784e+01
5.912520e+01
5.912370e+01
5.912351e+01
5.912470e+01
5.912721e+01
5.913086e+01
5.913530e+01
5.914003e+01
5.914445e+01
5.914808e+01
5.915057e+01
5.915173e+01
5.915150e+01
5.914997e+01
5.914731e+01
5.914377e+01
5.913969e+01
5.913543e+01
5.913136e+01
5.912784e+01
5.912520e+01
5.912370e+01
5.912351e+01
5.912470e+01
5.912721e+01
5.913086e+01
5.913530e+01
5.914003e+01
5.914445e+01
5.914808e+01
5.915057e+01
5.915173e+01
5.915150e+01
5.914997e+01
5.914731e+01
5.914377e+01
5.913969e+01
5.913543e+01
5.913136e+01
5.912784e+01
5.912520e+01
5.912370e+01
5.912351e+01
5.912470e+01
5.912721e+01
5.913086e+01
5.913530e+01
5.914003e+01
5.914445e+01
5.914808e+01
5.915057e+01
5.915173e+01
5.915150e+01
5.914997e+01
5.914731e+01
5.914377e+01
5.913969e+01
5.913543e+01
5.913136e+01
5.912784e+01
5.912520e+01
5.912370e+01
5.912351e+01
5.912470e+01
5.912721e+01
5.913086e+01
5.913530e+01
5.914003e+01
5.914445e+01
5.914808e+01
5.915057e+01
5.915173e+01
5.915150e+01
5.914997e+01
5.914731e+01
5.914377e+01
5.913969e+01
5.913543e+01
5.913136e+01
5.912784e+01
5.912520e+01
5.912370e+01
5.912351e+01
5.912470e+01
5.912721e+01
5.913086e+01
5.913530e+01
5.914003e+01
5.914445e+01
5.914808e+01
5.915057e+01
5.915173e+01
5.915150e+01
5.914997e+01
5.914731e+01
5.914377e+01
5.913969e+01
5.913543e+01
5.913136e+01
5.912784e+01
5.912520e+01
5.912370e+01
5.912351e+01
5.912470e+01
5.912721e+01
5.913086e+01
5.913530e+01
5.914003e+01
5.914445e+01
5.914808e+01
5.915057e+01
5.915173e+01
5.915150e+01
5.914997e+01
5.914731e+01
5.914377e+01
5.913969e+01
5.913543e+01
5.913136e+01
5.912784e+01
5.912520e+01
5.912370e+01
5.912351e+01
5.912470e+01
5.912721e+01
5.913086e+01
5.913530e+01
5.914003e+01
5.914445e+01
5.914808e+01
5.915057e+01
5.915173e+01
5.915150e+01
5.914997e+01
5.914731e+01
5.914377e+01
5.913969e+01
5.913543e+01
5.913136e+01
5.912784e+01
5.912520e+01
5.912370e+01
5.912351e+01
5.912470e+01
5.912721e+01
5.913086e+01
5.913530e+01
5.914003e+01
5.914445e+01
5.914808e+01
5.915057e+01
5.915173e+01
5.915150e+01
5.914997e+01
5.914731e+01
5.914377e+01
5.913969e+01
5.913543e+01
5.913136e+01
5.912784e+01
5.912520e+01
5.912370e+01
5.912351e+01
5.912470e+01
5.912721e+01
5.913086e+01
5.913530e+01
5.914002e+01
5.914445e+01
5.914808e+01
5.915057e+01
5.915173e+01
5.915150e+01
5.914997e+01
5.914731e+01
5.914377e+01
5.913969e+01
5.913543e+01
5.913136e+01
5.912784e+01
5.912520e+01
5.912370e+01
5.912351e+01
5.912470e+01
5.912721e+01
5.913086e+01
5.913530e+01
5.914002e+01
5.914445e+01
5.914808e+01
5.915057e+01
5.915173e+01
5.915150e+01
5.914997e+01
5.914731e+01
5.914377e+01
5.913970e+01
5.913543e+01
5.913136e+01
5.912785e+01
5.912520e+01
5.912370e+01
5.912351e+01
5.912470e+01
5.912721e+01
5.913086e+01
5.913530e+01
5.914002e+01
5.914445e+01
5.914808e+01
5.915057e+01
5.915173e+01
5.915150e+01
5.914997e+01
5.914731e+01
5.914377e+01
5.913970e+01
5.913543e+01
5.913136e+01
5.912785e+01
5.912520e+01
5.912370e+01
5.912351e+01
5.912470e+01
5.912721e+01
5.913086e+01
5.913529e+01
5.914002e+01
5.914445e+01
5.914808e+01
5.915057e+01
5.915173e+01
5.915150e+01
5.914997e+01
5.914731e+01
5.914378e+01
5.913970e+01
5.913543e+01
5.913136e+01
5.912785e+01
5.912521e+01
5.912370e+01
5.912351e+01
5.912470e+01
5.912721e+01
5.913086e+01
5.913529e+01
5.914002e+01
5.914445e+01
5.914808e+01
5.915057e+01
5.915173e+01
5.915150e+01
5.914997e+01
5.914731e+01
5.914378e+01
5.913970e+01
5.913543e+01
5.913136e+01
5.912785e+01
5.912521e+01
5.912370e+01
5.912351e+01
5.912470e+01
5.912721e+01
5.913086e+01
5.913529e+01
5.914002e+01
5.914445e+01
5.914808e+01
5.915057e+01
5.915173e+01
5.915150e+01
5.914997e+01
5.914731e+01
5.914378e+01
5.913970e+01
5.913543e+01
5.913136e+01
5.912785e+01
5.912521e+01
5.912370e+01
5.912351e+01
5.912470e+01
5.912721e+01
5.913086e+01
5.913529e+01
5.914002e+01
5.914445e+01
5.914808e+01
5.915057e+01
5.915173e+01
5.915150e+01
5.914997e+01
5.914731e+01
5.914378e+01
5.913970e+01
5.913543e+01
5.913136e+01
5.912785e+01
5.912521e+01
5.912370e+01
5.912351e+01
5.912470e+01
5.912721e+01
5.913086e+01
5.913529e+01
5.914002e+01
5.914445e+01
5.914808e+01
5.915057e+01
5.915173e+01
5.915150e+01
5.914997e+01
5.914731e+01
5.914378e+01
5.913970e+01
5.913543e+01
5.913136e+01
5.912785e+01
5.912521e+01
5.912370e+01
5.912351e+01
5.912470e+01
5.912721e+01
5.913086e+01
5.913529e+01
5.914002e+01
5.914445e+01
5.914808e+01
5.915057e+01
5.915173e+01
5.915150e+01
5.914997e+01
5.914731e+01
5.914378e+01
5.913970e+01
5.913543e+01
5.913136e+01
5.912785e+01
5.912521e+01
5.912370e+01
5.912351e+01
5.912470e+01
5.912721e+01
5.913086e+01
5.913529e+01
5.914002e+01
5.914445e+01
5.914808e+01
5.915057e+01
5.915173e+01
5.915151e+01
5.914997e+01
5.914731e+01
5.914378e+01
5.913970e+01
5.913543e+01
5.913136e+01
5.912785e+01
5.912521e+01
5.912370e+01
5.912351e+01
5.912470e+01
5.912721e+01
5.913086e+01
5.913529e+01
5.914002e+01
5.914445e+01
5.914808e+01
5.915057e+01
5.915173e+01
5.915151e+01
5.914997e+01
5.914731e+01
5.914378e+01
5.913970e+01
5.913544e+01
5.913136e+01
5.912785e+01
5.912521e+01
5.912370e+01
5.912351e+01
5.912470e+01
5.912721e+01
5.913085e+01
5.913529e+01
5.914002e+01
5.914445e+01
5.914808e+01
5.915057e+01
5.915173e+01
5.915151e+01
5.914997e+01
5.914731e+01
5.914378e+01
5.913970e+01
5.913544e+01
5.913136e+01
5.912785e+01
5.912521e+01
5.912370e+01
5.912351e+01
5.912470e+01
5.912721e+01
5.913085e+01
5.913529e+01
5.914002e+01
5.914445e+01
5.914808e+01
5.915057e+01
5.915173e+01
5.915151e+01
5.914997e+01
5.914731e+01
5.914378e+01
5.913970e+01
5.913544e+01
5.913136e+01
5.912785e+01
5.912521e+01
5.912370e+01
5.912351e+01
5.912470e+01
5.912721e+01
5.913085e+01
5.913529e+01
5.914002e+01
5.914445e+01
5.914808e+01
5.915057e+01
5.915173e+01
5.915151e+01
5.914997e+01
5.914731e+01
5.914378e+01
5.913970e+01
5.913544e+01
5.913137e+01
5.912785e+01
5.912521e+01
5.912370e+01
5.912351e+01
5.912470e+01
5.912721e+01
5.913085e+01
5.913529e+01
5.914002e+01
5.914445e+01
5.914808e+01
5.915057e+01
5.915173e+01
5.915151e+01
5.914997e+01
5.914731e+01
5.914378e+01
5.913970e+01
5.913544e+01
5.913137e+01
5.912785e+01
5.912521e+01
5.912370e+01
5.912351e+01
5.912470e+01
5.912721e+01
5.913085e+01
5.913529e+01
5.914002e+01
5.914445e+01
5.914808e+01
5.915057e+01
5.915173e+01
5.915151e+01
5.914997e+01
5.914731e+01
5.914378e+01
5.913970e+01
5.913544e+01
5.913137e+01
5.912785e+01
5.912521e+01
5.912370e+01
5.912351e+01
5.912470e+01
5.912721e+01
5.913085e+01
5.913529e+01
5.914002e+01
5.914445e+01
5.914808e+01
5.915057e+01
5.915173e+01
5.915151e+01
5.914997e+01
5.914731e+01
5.914378e+01
5.913970e+01
5.913544e+01
5.913137e+01
5.912785e+01
5.912521e+01
5.912370e+01
5.912351e+01
5.912470e+01
5.912721e+01
5.913085e+01
5.913529e+01
5.914002e+01
5.914445e+01
5.914808e+01
5.915057e+01
5.915173e+01
5.915151e+01
5.914997e+01
5.914731e+01
5.914378e+01
5.913970e+01
5.913544e+01
5.913137e+01
5.912785e+01
5.912521e+01
5.912370e+01
5.912351e+01
5.912470e+01
5.912721e+01
5.913085e+01
5.913529e+01
5.914002e+01
5.914445e+01
5.914808e+01
5.915057e+01
5.915173e+01
5.915151e+01
5.914997e+01
5.914731e+01
5.914378e+01
5.913970e+01
5.913544e+01
5.913137e+01
5.912785e+01
5.912521e+01
5.912370e+01
5.912351e+01
5.912470e+01
5.912721e+01
5.913085e+01
5.913529e+01
5.914002e+01
5.914445e+01
5.914808e+01
5.915057e+01
5.915173e+01
5.915151e+01
5.914997e+01
5.914731e+01
5.914378e+01
5.913970e+01
5.913544e+01
5.913137e+01
5.912785e+01
5.912521e+01
5.912370e+01
5.912351e+01
5.912470e+01
5.912721e+01
5.913085e+01
5.913529e+01
5.914002e+01
5.914445e+01
5.914808e+01
5.915057e+01
5.915173e+01
5.915151e+01
5.914998e+01
5.914731e+01
5.914378e+01
5.913970e+01
5.913544e+01
5.913137e+01
5.912785e+01
5.912521e+01
5.912370e+01
5.912351e+01
5.912470e+01
5.912721e+01
5.913085e+01
5.913529e+01
5.914002e+01
5.914445e+01
5.914808e+01
5.915057e+01
5.915173e+01
5.915151e+01
5.914998e+01
5.914731e+01
5.914378e+01
5.913970e+01
5.913544e+01
5.913137e+01
5.912785e+01
5.912521e+01
5.912370e+01
5.912351e+01
5.912470e+01
5.912721e+01
5.913085e+01
5.913529e+01
5.914002e+01
5.914445e+01
5.914808e+01
5.915057e+01
5.915173e+01
5.915151e+01
5.914998e+01
5.914731e+01
5.914378e+01
5.913970e+01
5.913544e+01
5.913137e+01
5.912785e+01
5.912521e+01
5.912370e+01
5.912351e+01
5.912470e+01
5.912721e+01
5.913085e+01
5.913529e+01
5.914002e+01
5.914445e+01
5.914808e+01
5.915057e+01
5.915173e+01
5.915151e+01
5.914998e+01
5.914731e+01
5.914378e+01
5.913970e+01
5.913544e+01
5.913137e+01
5.912785e+01
5.912521e+01
5.912370e+01
5.912351e+01
5.912470e+01
5.912721e+01
5.913085e+01
5.913529e+01
5.914002e+01
5.914445e+01
5.914807e+01
5.915057e+01
5.915173e+01
5.915151e+01
5.914998e+01
5.914731e+01
5.914378e+01
5.913970e+01
5.913544e+01
5.913137e+01
5.912785e+01
5.912521e+01
5.912370e+01
5.912351e+01
5.912469e+01
5.912721e+01
5.913085e+01
5.913529e+01
5.914002e+01
5.914445e+01
5.914807e+01
5.915056e+01
5.915173e+01
5.915151e+01
5.914998e+01
5.914731e+01
5.914378e+01
5.913970e+01
5.913544e+01
5.913137e+01
5.912785e+01
5.912521e+01
5.912370e+01
5.912351e+01
5.912469e+01
5.912721e+01
5.913085e+01
5.913529e+01
5.914002e+01
5.914445e+01
5.914807e+01
5.915056e+01
5.915173e+01
5.915151e+01
5.914998e+01
5.914731e+01
5.914378e+01
5.913970e+01
5.913544e+01
5.913137e+01
5.912785e+01
5.912521e+01
5.912370e+01
5.912351e+01
5.912469e+01
5.912721e+01
5.913085e+01
5.913529e+01
5.914002e+01
5.914445e+01
5.914807e+01
5.915056e+01
5.915173e+01
5.915151e+01
5.914998e+01
5.914731e+01
5.914378e+01
5.913970e+01
5.913544e+01
5.913137e+01
5.912785e+01
5.912521e+01
5.912370e+01
5.912351e+01
5.912469e+01
5.912721e+01
5.913085e+01
5.913529e+01
5.914002e+01
5.914445e+01
5.914807e+01
5.915056e+01
5.915173e+01
5.915151e+01
5.914998e+01
5.914731e+01
5.914378e+01
5.913970e+01
5.913544e+01
5.913137e+01
5.912785e+01
5.912521e+01
5.912370e+01
5.912351e+01
5.912469e+01
5.912721e+01
5.913085e+01
5.913529e+01
5.914002e+01
5.914445e+01
5.914807e+01
5.915056e+01
5.915173e+01
5.915151e+01
5.914998e+01
5.914731e+01
5.914378e+01
5.913970e+01
5.913544e+01
5.913137e+01
5.912785e+01
5.912521e+01
5.912370e+01
5.912351e+01
5.912469e+01
5.912721e+01
5.913085e+01
5.913529e+01
5.914002e+01
5.914445e+01
5.914807e+01
5.915056e+01
5.915173e+01
5.915151e+01
5.914998e+01
5.914731e+01
5.914378e+01
5.913970e+01
5.913544e+01
5.913137e+01
5.912785e+01
5.912521e+01
5.912370e+01
5.912351e+01
5.912469e+01
5.912721e+01
5.913085e+01
5.913529e+01
5.914002e+01
5.914445e+01
5.914807e+01
5.915056e+01
5.915173e+01
5.915151e+01
5.914998e+01
5.914731e+01
5.914378e+01
5.913970e+01
5.913544e+01
5.913137e+01
5.912785e+01
5.912521e+01
5.912370e+01
5.912351e+01
5.912469e+01
5.912721e+01
5.913085e+01
5.913529e+01
5.914002e+01
5.914445e+01
5.914807e+01
5.915056e+01
5.915173e+01
5.915151e+01
5.914998e+01
5.914731e+01
5.914378e+01
5.913970e+01
5.913544e+01
5.913137e+01
5.912785e+01
5.912521e+01
5.912370e+01
5.912351e+01
5.912469e+01
5.912721e+01
5.913085e+01
5.913529e+01
5.914002e+01
5.914445e+01
5.914807e+01
5.915056e+01
5.915173e+01
5.915151e+01
5.914998e+01
5.914731e+01
5.914378e+01
5.913970e+01
5.913544e+01
5.913137e+01
5.912785e+01
5.912521e+01
5.912370e+01
5.912351e+01
5.912469e+01
5.912721e+01
5.913085e+01
5.913529e+01
5.914002e+01
5.914444e+01
5.914807e+01
5.915056e+01
5.915173e+01
5.915151e+01
5.914998e+01
5.914731e+01
5.914378e+01
5.913970e+01
5.913544e+01
5.913137e+01
5.912785e+01
5.912521e+01
5.912370e+01
5.912351e+01
5.912469e+01
5.912721e+01
5.913085e+01
5.913529e+01
5.914002e+01
5.914444e+01
5.914807e+01
5.915056e+01
5.915173e+01
5.915151e+01
5.914998e+01
5.914731e+01
5.914378e+01
5.913970e+01
5.913544e+01
5.913137e+01
5.912785e+01
5.912521e+01
5.912370e+01
5.912351e+01
5.912469e+01
5.912721e+01
5.913085e+01
5.913529e+01
5.914002e+01
5.914444e+01
5.914807e+01
5.915056e+01
5.915173e+01
5.915151e+01
5.914998e+01
5.914731e+01
5.914378e+01
5.913970e+01
5.913544e+01
5.913137e+01
5.912785e+01
5.912521e+01
5.912370e+01
5.912351e+01
5.912469e+01
5.912721e+01
5.913085e+01
5.913529e+01
5.914002e+01
5.914444e+01
5.914807e+01
5.915056e+01
5.915173e+01
5.915151e+01
5.914998e+01
5.914731e+01
5.914378e+01
5.913970e+01
5.913544e+01
5.913137e+01
5.912785e+01
5.912521e+01
5.912370e+01
5.912351e+01
5.912469e+01
5.912721e+01
5.913085e+01
5.913529e+01
5.914002e+01
5.914444e+01
5.914807e+01
5.915056e+01
5.915173e+01
5.915151e+01
5.914998e+01
5.914732e+01
5.914378e+01
5.913970e+01
5.913544e+01
5.913137e+01
5.912785e+01
5.912521e+01
5.912370e+01
5.912351e+01
5.912469e+01
5.912721e+01
5.913085e+01
5.913529e+01
5.914002e+01
5.914444e+01
5.914807e+01
5.915056e+01
5.915173e+01
5.915151e+01
5.914998e+01
5.914732e+01
5.914378e+01
5.913970e+01
5.913544e+01
5.913137e+01
5.912785e+01
5.912521e+01
5.912370e+01
5.912351e+01
5.912469e+01
5.912720e+01
5.913085e+01
5.913529e+01
5.914002e+01
5.914444e+01
5.914807e+01
5.915056e+01
5.915173e+01
5.915151e+01
5.914998e+01
5.914732e+01
5.914378e+01
5.913970e+01
5.913544e+01
5.913137e+01
5.912785e+01
5.912521e+01
5.912370e+01
5.912351e+01
5.912469e+01
5.912720e+01
5.913084e+01
5.913528e+01
5.914001e+01
5.914443e+01
5.914805e+01
5.915054e+01
5.915169e+01
5.915145e+01
5.914990e+01
5.914720e+01
5.914362e+01
5.913947e+01
5.913512e+01
5.913092e+01
5.912722e+01
5.912434e+01
5.912250e+01
5.912187e+01
5.912246e+01
5.912418e+01
5.912677e+01
5.912981e+01
5.913271e+01
5.913473e+01
5.913523e+01
5.913366e+01
5.912959e+01
5.912266e+01
5.911255e+01
5.909900e+01
5.908170e+01
5.906031e+01
5.903439e+01
5.900335e+01
5.896645e+01
5.892266e+01
5.887071e+01
5.880899e+01
5.873551e+01
5.864786e+01
5.854318e+01
5.841813e+01
5.826886e+01
5.809105e+01
5.788010e+01
5.763122e+01
5.733936e+01
5.699929e+01
5.660556e+01
5.615252e+01
5.563439e+01
5.504524e+01
5.437905e+01
5.362981e+01
5.279151e+01
5.185828e+01
5.082441e+01
4.968452e+01
4.843357e+01
4.706703e+01
4.558092e+01
4.397197e+01
4.223766e+01
4.037641e+01
3.838781e+01
3.627279e+01
3.403363e+01
3.167393e+01
2.919869e+01
2.661418e+01
2.392792e+01
2.114858e+01
1.828589e+01
1.535049e+01
1.235379e+01
9.307809e+00
6.225012e+00
3.118135e+00
