1.039776e+08
-2.599410e+07
1.155270e+07
-6.498214e+06
4.158710e+06
-2.887865e+06
2.121589e+06
-1.624243e+06
1.283267e+06
-1.039367e+06
8.589104e+05
-7.216560e+05
6.148423e+05
-5.300864e+05
4.617121e+05
-4.057503e+05
3.593730e+05
-3.205058e+05
2.876150e+05
-2.595308e+05
2.353649e+05
-2.144162e+05
1.961426e+05
-1.801027e+05
1.659515e+05
-1.533987e+05
1.422174e+05
-1.322099e+05
1.232223e+05
-1.151157e+05
1.077836e+05
-1.011253e+05
9.506582e+04
-8.953038e+04
8.446525e+04
-7.981362e+04
7.553670e+04
-7.159026e+04
6.794617e+04
-6.456922e+04
6.143904e+04
-5.852704e+04
5.581852e+04
-5.328983e+04
5.093055e+04
-4.872071e+04
4.665313e+04
-4.471067e+04
4.288864e+04
-4.117207e+04
3.955821e+04
-3.803379e+04
3.659758e+04
-3.523764e+04
3.395395e+04
-3.273562e+04
3.158361e+04
-3.048786e+04
2.945014e+04
-2.846104e+04
2.752298e+04
-2.662711e+04
2.577636e+04
-2.496234e+04
2.418840e+04
-2.344652e+04
2.274043e+04
-2.206241e+04
2.141647e+04
-2.079515e+04
2.020273e+04
-1.963195e+04
1.908731e+04
-1.856170e+04
1.805984e+04
-1.757476e+04
1.711132e+04
-1.666267e+04
1.623384e+04
-1.581806e+04
1.542048e+04
-1.503441e+04
1.466512e+04
-1.430599e+04
1.396238e+04
-1.362771e+04
1.330746e+04
-1.299508e+04
1.269611e+04
-1.240407e+04
1.212455e+04
-1.185110e+04
1.158939e+04
-1.133296e+04
1.108758e+04
-1.084679e+04
1.061641e+04
-1.039000e+04
1.017343e+04
-9.960252e+03
9.756410e+03
-9.555453e+03
9.363366e+03
-9.173696e+03
8.992482e+03
-8.813258e+03
8.642114e+03
-8.472571e+03
8.310768e+03
-8.150210e+03
7.997084e+03
-7.844876e+03
7.699820e+03
-7.555381e+03
7.417841e+03
-7.280640e+03
7.150108e+03
-7.019660e+03
6.895671e+03
-6.771527e+03
6.653654e+03
-6.535406e+03
6.423254e+03
-6.310523e+03
6.203732e+03
-6.096170e+03
5.994404e+03
-5.891690e+03
5.794643e+03
-5.696479e+03
5.603864e+03
-5.509976e+03
5.421530e+03
-5.331664e+03
5.247141e+03
-5.161060e+03
5.080235e+03
-4.997720e+03
4.920381e+03
-4.841228e+03
4.767179e+03
-4.691198e+03
4.620258e+03
-4.547273e+03
4.479271e+03
-4.409116e+03
4.343893e+03
-4.276416e+03
4.213825e+03
-4.148880e+03
4.088782e+03
-4.026237e+03
3.968502e+03
-3.908229e+03
3.852738e+03
-3.794620e+03
3.741258e+03
-3.685184e+03
3.633844e+03
-3.579711e+03
3.530294e+03
-3.478004e+03
3.430416e+03
-3.379876e+03
3.334030e+03
-3.285155e+03
3.240966e+03
-3.193674e+03
3.151066e+03
-3.105280e+03
3.064178e+03
-3.019827e+03
2.980162e+03
-2.937176e+03
2.898883e+03
-2.857198e+03
2.820214e+03
-2.779769e+03
2.744037e+03
-2.704775e+03
2.670239e+03
-2.632104e+03
2.598712e+03
-2.561652e+03
2.529356e+03
-2.493322e+03
2.462073e+03
-2.427019e+03
2.396773e+03
-2.362654e+03
2.333370e+03
-2.300143e+03
2.271781e+03
-2.239407e+03
2.211929e+03
-2.180368e+03
2.153738e+03
-2.122955e+03
2.097138e+03
-2.067097e+03
2.042061e+03
-2.012730e+03
1.988445e+03
-1.959791e+03
1.936226e+03
-1.908219e+03
1.885346e+03
-1.857958e+03
1.835751e+03
-1.808952e+03
1.787385e+03
-1.761150e+03
1.740199e+03
-1.714501e+03
1.694143e+03
-1.668957e+03
1.649170e+03
-1.624473e+03
1.605235e+03
-1.581003e+03
1.562294e+03
-1.538507e+03
1.520308e+03
-1.496942e+03
1.479234e+03
-1.456271e+03
1.439036e+03
-1.416454e+03
1.399676e+03
-1.377456e+03
1.361118e+03
-1.339242e+03
1.323328e+03
-1.301777e+03
1.286272e+03
-1.265028e+03
1.249919e+03
-1.228965e+03
1.214236e+03
-1.193556e+03
1.179195e+03
-1.158771e+03
1.144765e+03
-1.124581e+03
1.110917e+03
-1.090958e+03
1.077625e+03
-1.057874e+03
1.044860e+03
-1.025302e+03
1.012597e+03
-9.932160e+02
9.808083e+02
-9.615902e+02
9.494698e+02
-9.303992e+02
9.185560e+02
-8.996179e+02
8.880424e+02
-8.692219e+02
8.579047e+02
-8.391869e+02
8.281189e+02
-8.094890e+02
7.986614e+02
-7.801042e+02
7.695086e+02
-7.510090e+02
7.406370e+02
-7.221798e+02
7.120233e+02
-6.935931e+02
6.836442e+02
-6.652252e+02
6.554762e+02
-6.370525e+02
6.274959e+02
-6.090512e+02
5.996795e+02
-5.811970e+02
5.720031e+02
-5.534657e+02
5.444424e+02
-5.258325e+02
5.169726e+02
-4.982720e+02
4.895687e+02
-4.707584e+02
4.622049e+02
-4.432654e+02
4.348547e+02
-4.157655e+02
4.074909e+02
-3.882308e+02
3.800855e+02
-3.606321e+02
3.526093e+02
-3.329393e+02
3.250321e+02
-3.051209e+02
2.973225e+02
-2.771440e+02
2.694475e+02
-2.489742e+02
2.413724e+02
-2.205752e+02
2.130611e+02
-1.919088e+02
1.844750e+02
-1.629347e+02
1.555735e+02
-1.336098e+02
1.263135e+02
-1.038885e+02
9.664906e+01
-7.372198e+01
6.653096e+01
-4.305794e+01
3.590658e+01
-1.184021e+01
4.719285e+00
1.999175e+01
-2.709198e+01
5.250342e+01
-5.959326e+01
8.576579e+01
-9.285623e+01
1.198561e+02
-1.269589e+02
1.548586e+02
-1.619864e+02
1.908656e+02
-1.980321e+02
2.279785e+02
-2.351985e+02
2.663088e+02
-2.735986e+02
3.059802e+02
-3.133575e+02
3.471295e+02
-3.546139e+02
3.899095e+02
-3.975226e+02
4.344905e+02
-4.422565e+02
4.810640e+02
-4.890098e+02
5.298454e+02
-5.380014e+02
5.810787e+02
-5.894791e+02
6.350410e+02
-6.437247e+02
6.920486e+02
-7.010600e+02
7.524645e+02
-7.618549e+02
8.167076e+02
-8.265358e+02
8.852634e+02
-8.955982e+02
9.586989e+02
-9.696206e+02
1.037680e+03
-1.049283e+03
1.122994e+03
-1.135391e+03
1.215579e+03
-1.228906e+03
1.316563e+03
-1.330983e+03
1.427315e+03
-1.443025e+03
1.549508e+03
-1.566755e+03
1.685218e+03
-1.704307e+03
1.837043e+03
-1.858360e+03
2.008288e+03
-2.032327e+03
2.203216e+03
-2.230621e+03
2.427427e+03
-2.459050e+03
2.688422e+03
-2.725419e+03
2.996496e+03
-3.040466e+03
3.366156e+03
-3.419384e+03
3.818539e+03
-3.884392e+03
4.385674e+03
-4.469329e+03
5.118540e+03
-5.228363e+03
6.103520e+03
-6.253908e+03
7.499563e+03
-7.717392e+03
9.634606e+03
-9.975649e+03
1.331117e+04
-1.390689e+04
2.114864e+04
-2.228732e+04
4.931645e+04
-2.810790e+04
-9.301540e+04
8.210323e+04
-3.081616e+04
2.708577e+04
-1.737547e+04
1.618784e+04
-1.216928e+04
1.159460e+04
-9.407212e+03
9.068236e+03
-7.694739e+03
7.470396e+03
-6.528445e+03
6.368369e+03
-5.682433e+03
5.562000e+03
-5.040280e+03
4.946039e+03
-4.535895e+03
4.459879e+03
-4.128975e+03
4.066165e+03
-3.793545e+03
3.740618e+03
-3.512111e+03
3.466783e+03
-3.272460e+03
3.233105e+03
-3.065807e+03
3.031238e+03
-2.885673e+03
2.855000e+03
-2.727171e+03
2.699716e+03
-2.586548e+03
2.561784e+03
-2.460874e+03
2.438385e+03
-2.347827e+03
2.327281e+03
-2.245543e+03
2.226670e+03
-2.152511e+03
2.135090e+03
-2.067489e+03
2.051338e+03
-1.989449e+03
1.974416e+03
-1.917534e+03
1.903490e+03
-1.851021e+03
1.837858e+03
-1.789297e+03
1.776922e+03
-1.731841e+03
1.720174e+03
-1.678202e+03
1.667175e+03
-1.627994e+03
1.617547e+03
-1.580881e+03
1.570961e+03
-1.536568e+03
1.527130e+03
-1.494799e+03
1.485802e+03
-1.455347e+03
1.446757e+03
-1.418013e+03
1.409796e+03
-1.382619e+03
1.374748e+03
-1.349008e+03
1.341456e+03
-1.317038e+03
1.309784e+03
-1.286583e+03
1.279605e+03
-1.257529e+03
1.250810e+03
-1.229775e+03
1.223297e+03
-1.203228e+03
1.196976e+03
-1.177804e+03
1.171764e+03
-1.153427e+03
1.147587e+03
-1.130028e+03
1.124375e+03
-1.107543e+03
1.102068e+03
-1.085916e+03
1.080608e+03
-1.065092e+03
1.059943e+03
-1.045025e+03
1.040025e+03
-1.025667e+03
1.020810e+03
-1.006980e+03
1.002258e+03
-9.889241e+02
9.843303e+02
-9.714648e+02
9.669933e+02
-9.545694e+02
9.502146e+02
-9.382079e+02
9.339643e+02
-9.223521e+02
9.182148e+02
-9.069760e+02
9.029403e+02
-8.920554e+02
8.881169e+02
-8.775675e+02
8.737222e+02
-8.634913e+02
8.597352e+02
-8.498068e+02
8.461364e+02
-8.364957e+02
8.329075e+02
-8.235404e+02
8.200313e+02
-8.109248e+02
8.074917e+02
-7.986335e+02
7.952736e+02
-7.866521e+02
7.833626e+02
-7.749669e+02
7.717454e+02
-7.635653e+02
7.604093e+02
-7.524351e+02
7.493423e+02
-7.415650e+02
7.385332e+02
-7.309441e+02
7.279712e+02
-7.205622e+02
7.176464e+02
-7.104097e+02
7.075490e+02
-7.004774e+02
6.976700e+02
-6.907566e+02
6.880008e+02
-6.812390e+02
6.785332e+02
-6.719168e+02
6.692594e+02
-6.627824e+02
6.601721e+02
-6.538288e+02
6.512640e+02
-6.450491e+02
6.425285e+02
-6.364369e+02
6.339592e+02
-6.279859e+02
6.255499e+02
-6.196903e+02
6.172947e+02
-6.115443e+02
6.091881e+02
-6.035427e+02
6.012246e+02
-5.956800e+02
5.933991e+02
-5.879515e+02
5.857067e+02
-5.803522e+02
5.781426e+02
-5.728776e+02
5.707022e+02
-5.655233e+02
5.633812e+02
-5.582850e+02
5.561754e+02
-5.511586e+02
5.490806e+02
-5.441402e+02
5.420929e+02
-5.372259e+02
5.352086e+02
-5.304121e+02
5.284240e+02
-5.236952e+02
5.217355e+02
-5.170717e+02
5.151398e+02
-5.105383e+02
5.086335e+02
-5.040918e+02
5.022134e+02
-4.977291e+02
4.958763e+02
-4.914469e+02
4.896193e+02
-4.852425e+02
4.834393e+02
-4.791129e+02
4.773335e+02
-4.730552e+02
4.712991e+02
-4.670667e+02
4.653334e+02
-4.611448e+02
4.594336e+02
-4.552867e+02
4.535971e+02
-4.494899e+02
4.478214e+02
-4.437518e+02
4.421038e+02
-4.380699e+02
4.364421e+02
-4.324419e+02
4.308336e+02
-4.268652e+02
4.252760e+02
-4.213375e+02
4.197669e+02
-4.158564e+02
4.143040e+02
-4.104196e+02
4.088848e+02
-4.050248e+02
4.035072e+02
-3.996696e+02
3.981688e+02
-3.943518e+02
3.928673e+02
-3.890690e+02
3.876005e+02
-3.838191e+02
3.823660e+02
-3.785996e+02
3.771616e+02
-3.734084e+02
3.719849e+02
-3.682430e+02
3.668338e+02
-3.631013e+02
3.617058e+02
-3.579808e+02
3.565987e+02
-3.528792e+02
3.515101e+02
-3.477942e+02
3.464376e+02
-3.427232e+02
3.413788e+02
-3.376639e+02
3.363311e+02
-3.326137e+02
3.312922e+02
-3.275700e+02
3.262594e+02
-3.225303e+02
3.212301e+02
-3.174918e+02
3.162017e+02
-3.124519e+02
3.111713e+02
-3.074076e+02
3.061361e+02
-3.023560e+02
3.010932e+02
-2.972941e+02
2.960395e+02
-2.922188e+02
2.909720e+02
-2.871268e+02
2.858872e+02
-2.820147e+02
2.807819e+02
-2.768790e+02
2.756525e+02
-2.717161e+02
2.704953e+02
-2.665220e+02
2.653064e+02
-2.612927e+02
2.600817e+02
-2.560239e+02
2.548170e+02
-2.507113e+02
2.495078e+02
-2.453501e+02
2.441494e+02
-2.399353e+02
2.387366e+02
-2.344615e+02
2.332643e+02
-2.289233e+02
2.277268e+02
-2.233147e+02
2.221180e+02
-2.176293e+02
2.164316e+02
-2.118603e+02
2.106608e+02
-2.060005e+02
2.047983e+02
-2.000422e+02
1.988362e+02
-1.939770e+02
1.927661e+02
-1.877959e+02
1.865790e+02
-1.814892e+02
1.802651e+02
-1.750466e+02
1.738138e+02
-1.684566e+02
1.672138e+02
-1.617070e+02
1.604526e+02
-1.547844e+02
1.535167e+02
-1.476743e+02
1.463914e+02
-1.403606e+02
1.390605e+02
-1.328259e+02
1.315064e+02
-1.250511e+02
1.237097e+02
-1.170150e+02
1.156490e+02
-1.086942e+02
1.073006e+02
-1.000629e+02
9.863844e+01
-9.109244e+01
8.963330e+01
-8.175069e+01
8.025277e+01
-7.200190e+01
7.046055e+01
-6.180591e+01
6.021588e+01
-5.111748e+01
4.947285e+01
-3.988550e+01
3.817952e+01
-2.805194e+01
2.627694e+01
-1.555066e+01
1.369783e+01
-2.305919e+00
3.651192e-01
1.176943e+01
-1.380994e+01
2.677621e+01
-2.893011e+01
4.283170e+01
-4.511500e+01
6.007316e+01
-6.250476e+01
7.866228e+01
-8.126461e+01
9.879091e+01
-1.015908e+02
1.206884e+02
-1.237183e+02
1.446313e+02
-1.479306e+02
1.709562e+02
-1.745735e+02
2.000768e+02
-2.040724e+02
2.325077e+02
-2.369576e+02
2.688967e+02
-2.738980e+02
3.100713e+02
-3.157499e+02
3.571054e+02
-3.636276e+02
4.114187e+02
-4.190085e+02
4.749276e+02
-4.838941e+02
5.502834e+02
-5.610650e+02
6.412615e+02
-6.545013e+02
7.534276e+02
-7.701067e+02
8.953399e+02
-9.170313e+02
1.080869e+03
-1.110258e+03
1.334070e+03
-1.376130e+03
1.700590e+03
-1.765633e+03
2.278787e+03
-2.391981e+03
3.325848e+03
-3.567084e+03
5.786234e+03
-6.574823e+03
1.762537e+04
-2.781147e+04
-2.924800e+01
1.217492e+04
-5.435409e+03
5.319886e+03
-3.573580e+03
3.470931e+03
-2.676679e+03
2.611513e+03
-2.158551e+03
2.114684e+03
-1.822125e+03
1.790723e+03
-1.586202e+03
1.562604e+03
-1.411561e+03
1.393144e+03
-1.277002e+03
1.262193e+03
-1.170080e+03
1.157883e+03
-1.083014e+03
1.072769e+03
-1.010694e+03
1.001944e+03
-9.496218e+02
9.420449e+02
-8.973262e+02
8.906864e+02
-8.520103e+02
8.461313e+02
-8.123368e+02
8.070844e+02
-7.772898e+02
7.725600e+02
-7.460840e+02
7.417946e+02
-7.181022e+02
7.141880e+02
-6.928534e+02
6.892614e+02
-6.699415e+02
6.666286e+02
-6.490438e+02
6.459742e+02
-6.298945e+02
6.270386e+02
-6.122727e+02
6.096056e+02
-5.959937e+02
5.934943e+02
-5.809012e+02
5.785516e+02
-5.668628e+02
5.646475e+02
-5.537648e+02
5.516707e+02
-5.415098e+02
5.395253e+02
-5.300133e+02
5.281283e+02
-5.192018e+02
5.174076e+02
-5.090112e+02
5.073001e+02
-4.993853e+02
4.977504e+02
-4.902743e+02
4.887097e+02
-4.816345e+02
4.801347e+02
-4.734269e+02
4.719872e+02
-4.656167e+02
4.642327e+02
-4.581730e+02
4.568409e+02
-4.510679e+02
4.497841e+02
-4.442763e+02
4.430378e+02
-4.377757e+02
4.365796e+02
-4.315458e+02
4.303895e+02
-4.255679e+02
4.244490e+02
-4.198254e+02
4.187418e+02
-4.143028e+02
4.132525e+02
-4.089862e+02
4.079675e+02
-4.038629e+02
4.028741e+02
-3.989212e+02
3.979606e+02
-3.941502e+02
3.932166e+02
-3.895401e+02
3.886321e+02
-3.850817e+02
3.841982e+02
-3.807668e+02
3.799066e+02
-3.765874e+02
3.757496e+02
-3.725365e+02
3.717200e+02
-3.686072e+02
3.678112e+02
-3.647935e+02
3.640172e+02
-3.610896e+02
3.603321e+02
-3.574900e+02
3.567507e+02
-3.539898e+02
3.532680e+02
-3.505843e+02
3.498793e+02
-3.472691e+02
3.465805e+02
-3.440402e+02
3.433673e+02
-3.408938e+02
3.402361e+02
-3.378262e+02
3.371832e+02
-3.348340e+02
3.342053e+02
-3.319141e+02
3.312993e+02
-3.290636e+02
3.284623e+02
-3.262796e+02
3.256914e+02
-3.235594e+02
3.229840e+02
-3.209007e+02
3.203376e+02
-3.183009e+02
3.177500e+02
-3.157580e+02
3.152189e+02
-3.132698e+02
3.127422e+02
-3.108343e+02
3.103179e+02
-3.084496e+02
3.079443e+02
-3.061139e+02
3.056194e+02
-3.038256e+02
3.033417e+02
-3.015831e+02
3.011096e+02
-2.993847e+02
2.989214e+02
-2.972292e+02
2.967758e+02
-2.951150e+02
2.946715e+02
-2.930409e+02
2.926071e+02
-2.910056e+02
2.905813e+02
-2.890079e+02
2.885931e+02
-2.870468e+02
2.866412e+02
-2.851210e+02
2.847246e+02
-2.832297e+02
2.828424e+02
-2.813717e+02
2.809934e+02
-2.795462e+02
2.791767e+02
-2.777523e+02
2.773916e+02
-2.759891e+02
2.756371e+02
-2.742558e+02
2.739124e+02
-2.725516e+02
2.722168e+02
-2.708757e+02
2.705494e+02
-2.692275e+02
2.689097e+02
-2.676063e+02
2.672968e+02
-2.660113e+02
2.657103e+02
-2.644420e+02
2.641493e+02
-2.628977e+02
2.626134e+02
-2.613780e+02
2.611020e+02
-2.598822e+02
2.596145e+02
-2.584097e+02
2.581504e+02
-2.569602e+02
2.567091e+02
-2.555331e+02
2.552903e+02
-2.541279e+02
2.538935e+02
-2.527442e+02
2.525182e+02
-2.513816e+02
2.511640e+02
-2.500396e+02
2.498305e+02
-2.487179e+02
2.485173e+02
-2.474161e+02
2.472241e+02
-2.461338e+02
2.459504e+02
-2.448708e+02
2.446961e+02
-2.436266e+02
2.434606e+02
-2.424009e+02
2.422438e+02
-2.411935e+02
2.410454e+02
-2.400041e+02
2.398650e+02
-2.388324e+02
2.387025e+02
-2.376781e+02
2.375575e+02
-2.365410e+02
2.364299e+02
-2.354210e+02
2.353193e+02
-2.343176e+02
2.342257e+02
-2.332308e+02
2.331488e+02
-2.321604e+02
2.320885e+02
-2.311062e+02
2.310445e+02
-2.300679e+02
2.300167e+02
-2.290456e+02
2.290050e+02
-2.280389e+02
2.280092e+02
-2.270478e+02
2.270293e+02
-2.260722e+02
2.260651e+02
-2.251119e+02
2.251165e+02
-2.241669e+02
2.241835e+02
-2.232371e+02
2.232660e+02
-2.223224e+02
2.223639e+02
-2.214227e+02
2.214772e+02
-2.205381e+02
2.206060e+02
-2.196684e+02
2.197501e+02
-2.188137e+02
2.189097e+02
-2.179740e+02
2.180846e+02
-2.171492e+02
2.172751e+02
-2.163395e+02
2.164811e+02
-2.155449e+02
2.157027e+02
-2.147654e+02
2.149401e+02
-2.140011e+02
2.141933e+02
-2.132521e+02
2.134625e+02
-2.125185e+02
2.127479e+02
-2.118005e+02
2.120496e+02
-2.110983e+02
2.113680e+02
-2.104120e+02
2.107032e+02
-2.097419e+02
2.100555e+02
-2.090882e+02
2.094253e+02
-2.084512e+02
2.088129e+02
-2.078311e+02
2.082186e+02
-2.072284e+02
2.076430e+02
-2.066433e+02
2.070865e+02
-2.060764e+02
2.065496e+02
-2.055280e+02
2.060330e+02
-2.049988e+02
2.055372e+02
-2.044891e+02
2.050630e+02
-2.039998e+02
2.046112e+02
-2.035314e+02
2.041826e+02
-2.030846e+02
2.037783e+02
-2.026605e+02
2.033992e+02
-2.022597e+02
2.030465e+02
-2.018834e+02
2.027216e+02
-2.015326e+02
2.024259e+02
-2.012086e+02
2.021610e+02
-2.009128e+02
2.019286e+02
-2.006466e+02
2.017308e+02
-2.004117e+02
2.015697e+02
-2.002099e+02
2.014479e+02
-2.000434e+02
2.013680e+02
-1.999144e+02
2.013333e+02
-1.998255e+02
2.013472e+02
-1.997795e+02
2.014138e+02
-1.997798e+02
2.015375e+02
-1.998299e+02
2.017235e+02
-1.999341e+02
2.019778e+02
-2.000969e+02
2.023070e+02
-2.003238e+02
2.027191e+02
-2.006207e+02
2.032231e+02
-2.009948e+02
2.038296e+02
-2.014540e+02
2.045511e+02
-2.020077e+02
2.054024e+02
-2.026666e+02
2.064008e+02
-2.034435e+02
2.075675e+02
-2.043532e+02
2.089278e+02
-2.054132e+02
2.105127e+02
-2.066444e+02
2.123606e+02
-2.080717e+02
2.145191e+02
-2.097251e+02
2.170486e+02
-2.116409e+02
2.200266e+02
-2.138630e+02
2.235541e+02
-2.164452e+02
2.277654e+02
-2.194530e+02
2.328431e+02
-2.229655e+02
2.390414e+02
-2.270765e+02
2.467261e+02
-2.318908e+02
2.564421e+02
-2.375067e+02
2.690391e+02
-2.439562e+02
2.859192e+02
-2.510118e+02
3.095720e+02
-2.575213e+02
3.448825e+02
-2.587990e+02
4.029190e+02
-2.335921e+02
5.152049e+02
-4.172921e+01
8.205083e+02
3.298499e+03
-1.468441e+04
8.782403e+03
-7.335276e+02
1.067695e+03
-2.562573e+02
3.998462e+02
-1.122688e+02
1.888032e+02
-4.312361e+01
9.035633e+01
-2.646138e+00
3.464928e+01
2.384191e+01
-7.263583e-01
4.246165e+01
-2.497279e+01
5.621894e+01
-4.251326e+01
6.676233e+01
-5.572065e+01
7.507140e+01
-6.597558e+01
8.176484e+01
-7.413318e+01
8.725257e+01
-8.075005e+01
9.181699e+01
-8.620346e+01
9.565894e+01
-9.075781e+01
9.892520e+01
-9.460372e+01
1.017255e+02
-9.788199e+01
1.041435e+02
-1.006988e+02
1.062442e+02
-1.031356e+02
1.080787e+02
-1.052562e+02
1.096878e+02
-1.071108e+02
1.111046e+02
-1.087398e+02
1.123561e+02
-1.101760e+02
1.134644e+02
-1.114462e+02
1.144481e+02
-1.125725e+02
1.153227e+02
-1.135734e+02
1.161013e+02
-1.144645e+02
1.167951e+02
-1.152589e+02
1.174137e+02
-1.159678e+02
1.179653e+02
-1.166008e+02
1.184571e+02
-1.171663e+02
1.188951e+02
-1.176712e+02
1.192850e+02
-1.181220e+02
1.196314e+02
-1.185241e+02
1.199385e+02
-1.188823e+02
1.202100e+02
-1.192008e+02
1.204494e+02
-1.194833e+02
1.206594e+02
-1.197333e+02
1.208427e+02
-1.199536e+02
1.210018e+02
-1.201470e+02
1.211387e+02
-1.203158e+02
1.212553e+02
-1.204622e+02
1.213534e+02
-1.205881e+02
1.214346e+02
-1.206952e+02
1.215003e+02
-1.207853e+02
1.215518e+02
-1.208596e+02
1.215902e+02
-1.209195e+02
1.216167e+02
-1.209663e+02
1.216323e+02
-1.210010e+02
1.216380e+02
-1.210246e+02
1.216344e+02
-1.210381e+02
1.216225e+02
-1.210424e+02
1.216029e+02
-1.210382e+02
1.215764e+02
-1.210262e+02
1.215435e+02
-1.210072e+02
1.215049e+02
-1.209817e+02
1.214610e+02
-1.209504e+02
1.214124e+02
-1.209138e+02
1.213595e+02
-1.208724e+02
1.213028e+02
-1.208267e+02
1.212427e+02
-1.207771e+02
1.211796e+02
-1.207241e+02
1.211138e+02
-1.206680e+02
1.210457e+02
-1.206092e+02
1.209757e+02
-1.205481e+02
1.209039e+02
-1.204850e+02
1.208308e+02
-1.204201e+02
1.207566e+02
-1.203539e+02
1.206816e+02
-1.202866e+02
1.206059e+02
-1.202184e+02
1.205299e+02
-1.201496e+02
1.204538e+02
-1.200805e+02
1.203778e+02
-1.200112e+02
1.203022e+02
-1.199421e+02
1.202270e+02
-1.198733e+02
1.201526e+02
-1.198051e+02
1.200791e+02
-1.197375e+02
1.200066e+02
-1.196710e+02
1.199355e+02
-1.196055e+02
1.198658e+02
-1.195413e+02
1.197977e+02
-1.194787e+02
1.197314e+02
-1.194177e+02
1.196671e+02
-1.193585e+02
1.196049e+02
-1.193013e+02
1.195450e+02
-1.192463e+02
1.194875e+02
-1.191936e+02
1.194325e+02
-1.191433e+02
1.193803e+02
-1.190958e+02
1.193310e+02
-1.190510e+02
1.192848e+02
-1.190092e+02
1.192417e+02
-1.189705e+02
1.192019e+02
-1.189350e+02
1.191657e+02
-1.189030e+02
1.191331e+02
-1.188746e+02
1.191043e+02
-1.188499e+02
1.190794e+02
-1.188291e+02
1.190587e+02
-1.188123e+02
1.190422e+02
-1.187998e+02
1.190301e+02
-1.187916e+02
1.190226e+02
-1.187880e+02
1.190198e+02
-1.187890e+02
1.190220e+02
-1.187950e+02
1.190293e+02
-1.188060e+02
1.190418e+02
-1.188223e+02
1.190597e+02
-1.188439e+02
1.190833e+02
-1.188712e+02
1.191126e+02
-1.189042e+02
1.191480e+02
-1.189432e+02
1.191896e+02
-1.189885e+02
1.192375e+02
-1.190401e+02
1.192921e+02
-1.190983e+02
1.193535e+02
-1.191634e+02
1.194220e+02
-1.192355e+02
1.194978e+02
-1.193149e+02
1.195811e+02
-1.194019e+02
1.196722e+02
-1.194966e+02
1.197713e+02
-1.195995e+02
1.198788e+02
-1.197106e+02
1.199948e+02
-1.198304e+02
1.201198e+02
-1.199591e+02
1.202539e+02
-1.200971e+02
1.203976e+02
-1.202446e+02
1.205511e+02
-1.204020e+02
1.207148e+02
-1.205696e+02
1.208891e+02
-1.207479e+02
1.210744e+02
-1.209372e+02
1.212710e+02
-1.211378e+02
1.214793e+02
-1.213503e+02
1.216999e+02
-1.215751e+02
1.219332e+02
-1.218127e+02
1.221796e+02
-1.220635e+02
1.224396e+02
-1.223280e+02
1.227139e+02
-1.226069e+02
1.230030e+02
-1.229006e+02
1.233075e+02
-1.232098e+02
1.236279e+02
-1.235352e+02
1.239651e+02
-1.238774e+02
1.243196e+02
-1.242371e+02
1.246923e+02
-1.246151e+02
1.250840e+02
-1.250122e+02
1.254954e+02
-1.254293e+02
1.259275e+02
-1.258673e+02
1.263812e+02
-1.263270e+02
1.268576e+02
-1.268097e+02
1.273577e+02
-1.273162e+02
1.278827e+02
-1.278480e+02
1.284337e+02
-1.284060e+02
1.290123e+02
-1.289918e+02
1.296196e+02
-1.296068e+02
1.302573e+02
-1.302524e+02
1.309269e+02
-1.309303e+02
1.316302e+02
-1.316423e+02
1.323691e+02
-1.323902e+02
1.331455e+02
-1.331762e+02
1.339617e+02
-1.340024e+02
1.348200e+02
-1.348712e+02
1.357228e+02
-1.357852e+02
1.366730e+02
-1.367472e+02
1.376736e+02
-1.377602e+02
1.387277e+02
-1.388276e+02
1.398390e+02
-1.399528e+02
1.410112e+02
-1.411399e+02
1.422485e+02
-1.423932e+02
1.435557e+02
-1.437173e+02
1.449376e+02
-1.451174e+02
1.464000e+02
-1.465992e+02
1.479490e+02
-1.481691e+02
1.495913e+02
-1.498339e+02
1.513345e+02
-1.516015e+02
1.531870e+02
-1.534802e+02
1.551581e+02
-1.554798e+02
1.572583e+02
-1.576110e+02
1.594992e+02
-1.598857e+02
1.618940e+02
-1.623175e+02
1.644578e+02
-1.649218e+02
1.672072e+02
-1.677160e+02
1.701617e+02
-1.707197e+02
1.733432e+02
-1.739559e+02
1.767770e+02
-1.774505e+02
1.804923e+02
-1.812338e+02
1.845230e+02
-1.853408e+02
1.889088e+02
-1.898127e+02
1.936962e+02
-1.946977e+02
1.989403e+02
-2.000531e+02
2.047067e+02
-2.059474e+02
2.110746e+02
-2.124628e+02
2.181394e+02
-2.196994e+02
2.260186e+02
-2.277801e+02
2.348570e+02
-2.368573e+02
2.448366e+02
-2.471225e+02
2.561882e+02
-2.588196e+02
2.692093e+02
-2.722644e+02
2.842906e+02
-2.878729e+02
3.019548e+02
-3.062044e+02
3.229178e+02
-3.280294e+02
3.481873e+02
-3.544392e+02
3.792280e+02
-3.870322e+02
4.182536e+02
-4.282475e+02
4.687764e+02
-4.819995e+02
5.367222e+02
-5.549911e+02
6.329334e+02
-6.597271e+02
7.795988e+02
-8.224910e+02
1.030342e+03
-1.109299e+03
1.556273e+03
-1.742862e+03
3.352604e+03
-3.664619e+03
-4.342434e+03
5.834529e+03
-2.198295e+03
1.814559e+03
-1.164375e+03
1.042773e+03
-7.772380e+02
7.185962e+02
-5.748940e+02
5.405381e+02
-4.505944e+02
4.280744e+02
-3.665186e+02
3.506383e+02
-3.058811e+02
2.940939e+02
-2.600943e+02
2.510070e+02
-2.243087e+02
2.170955e+02
-1.955788e+02
1.897194e+02
-1.720122e+02
1.671625e+02
-1.523375e+02
1.482609e+02
-1.356690e+02
1.321975e+02
-1.213709e+02
1.183818e+02
-1.089745e+02
1.063762e+02
-9.812735e+01
9.585002e+01
-8.855868e+01
8.654824e+01
-8.005746e+01
7.827130e+01
-7.245661e+01
7.086073e+01
-6.562215e+01
6.418909e+01
-5.944542e+01
5.815274e+01
-5.383732e+01
5.266653e+01
-4.872414e+01
4.765985e+01
-4.404435e+01
4.307366e+01
-3.974621e+01
3.885820e+01
-3.578586e+01
3.497124e+01
-3.212590e+01
3.137674e+01
-2.873425e+01
2.804368e+01
-2.558320e+01
2.494531e+01
-2.264874e+01
2.205836e+01
-1.990991e+01
1.936254e+01
-1.734839e+01
1.684005e+01
-1.494802e+01
1.447524e+01
-1.269458e+01
1.225425e+01
-1.057543e+01
1.016480e+01
-8.579335e+00
8.195958e+00
-6.696276e+00
6.337962e+00
-4.917277e+00
4.582059e+00
-3.234275e+00
2.920385e+00
-1.640013e+00
1.345854e+00
-1.279348e-01
-1.479370e-01
1.307894e+00
-1.566788e+00
2.672860e+00
-2.915965e+00
3.971863e+00
-4.200262e+00
5.209369e+00
-5.424053e+00
6.389459e+00
-6.591333e+00
7.515870e+00
-7.705764e+00
8.592028e+00
-8.770704e+00
9.621085e+00
-9.789244e+00
1.060594e+01
-1.076423e+01
1.154927e+01
-1.169828e+01
1.245353e+01
-1.259382e+01
1.332103e+01
-1.345311e+01
1.415388e+01
-1.427822e+01
1.495404e+01
-1.507108e+01
1.572334e+01
-1.583349e+01
1.646349e+01
-1.656713e+01
1.717606e+01
-1.727355e+01
1.786254e+01
-1.795421e+01
1.852432e+01
-1.861047e+01
1.916268e+01
-1.924361e+01
1.977884e+01
-1.985482e+01
2.037393e+01
-2.044522e+01
2.094903e+01
-2.101587e+01
2.150514e+01
-2.156774e+01
2.204320e+01
-2.210179e+01
2.256410e+01
-2.261887e+01
2.306868e+01
-2.311983e+01
2.355775e+01
-2.360544e+01
2.403203e+01
-2.407645e+01
2.449226e+01
-2.453355e+01
2.493909e+01
-2.497741e+01
2.537317e+01
-2.540866e+01
2.579510e+01
-2.582789e+01
2.620545e+01
-2.623568e+01
2.660478e+01
-2.663256e+01
2.699360e+01
-2.701906e+01
2.737242e+01
-2.739565e+01
2.774169e+01
-2.776282e+01
2.810189e+01
-2.812100e+01
2.845343e+01
-2.847063e+01
2.879674e+01
-2.881211e+01
2.913220e+01
-2.914584e+01
2.946021e+01
-2.947220e+01
2.978113e+01
-2.979155e+01
3.009531e+01
-3.010423e+01
3.040308e+01
-3.041059e+01
3.070478e+01
-3.071094e+01
3.100072e+01
-3.100560e+01
3.129120e+01
-3.129487e+01
3.157652e+01
-3.157904e+01
3.185696e+01
-3.185839e+01
3.213280e+01
-3.213321e+01
3.240431e+01
-3.240374e+01
3.267174e+01
-3.267027e+01
3.293536e+01
-3.293303e+01
3.319541e+01
-3.319227e+01
3.345214e+01
-3.344824e+01
3.370577e+01
-3.370118e+01
3.395655e+01
-3.395130e+01
3.420470e+01
-3.419884e+01
3.445044e+01
-3.444402e+01
3.469400e+01
-3.468707e+01
3.493560e+01
-3.492819e+01
3.517544e+01
-3.516761e+01
3.541375e+01
-3.540554e+01
3.565073e+01
-3.564218e+01
3.588659e+01
-3.587775e+01
3.612155e+01
-3.611245e+01
3.635581e+01
-3.634650e+01
3.658958e+01
-3.658010e+01
3.682307e+01
-3.681346e+01
3.705648e+01
-3.704679e+01
3.729004e+01
-3.728030e+01
3.752394e+01
-3.751421e+01
3.775842e+01
-3.774872e+01
3.799367e+01
-3.798406e+01
3.822993e+01
-3.822044e+01
3.846741e+01
-3.845808e+01
3.870634e+01
-3.869722e+01
3.894695e+01
-3.893809e+01
3.918948e+01
-3.918092e+01
3.943416e+01
-3.942595e+01
3.968125e+01
-3.967344e+01
3.993101e+01
-3.992364e+01
4.018368e+01
-4.017680e+01
4.043954e+01
-4.043321e+01
4.069888e+01
-4.069313e+01
4.096196e+01
-4.095687e+01
4.122911e+01
-4.122472e+01
4.150061e+01
-4.149699e+01
4.177681e+01
-4.177401e+01
4.205802e+01
-4.205610e+01
4.234461e+01
-4.234364e+01
4.263693e+01
-4.263698e+01
4.293536e+01
-4.293651e+01
4.324032e+01
-4.324263e+01
4.355222e+01
-4.355577e+01
4.387150e+01
-4.387638e+01
4.419863e+01
-4.420492e+01
4.453410e+01
-4.454189e+01
4.487843e+01
-4.488782e+01
4.523216e+01
-4.524326e+01
4.559589e+01
-4.560880e+01
4.597023e+01
-4.598506e+01
4.635583e+01
-4.637271e+01
4.675339e+01
-4.677246e+01
4.716367e+01
-4.718505e+01
4.758744e+01
-4.761130e+01
4.802558e+01
-4.805206e+01
4.847897e+01
-4.850825e+01
4.894861e+01
-4.898088e+01
4.943555e+01
-4.947099e+01
4.994091e+01
-4.997974e+01
5.046591e+01
-5.050836e+01
5.101186e+01
-5.105820e+01
5.158021e+01
-5.163068e+01
5.217248e+01
-5.222739e+01
5.279035e+01
-5.285002e+01
5.343566e+01
-5.350044e+01
5.411039e+01
-5.418066e+01
5.481673e+01
-5.489289e+01
5.555704e+01
-5.563956e+01
5.633395e+01
-5.642334e+01
5.715034e+01
-5.724715e+01
5.800938e+01
-5.811423e+01
5.891459e+01
-5.902815e+01
5.986986e+01
-5.999290e+01
6.087952e+01
-6.101289e+01
6.194841e+01
-6.209305e+01
6.308193e+01
-6.323891e+01
6.428616e+01
-6.445667e+01
6.556794e+01
-6.575334e+01
6.693501e+01
-6.713684e+01
6.839615e+01
-6.861617e+01
6.996138e+01
-7.020160e+01
7.164219e+01
-7.190492e+01
7.345179e+01
-7.373969e+01
7.540545e+01
-7.572165e+01
7.752096e+01
-7.786910e+01
7.981914e+01
-8.020350e+01
8.232450e+01
-8.275017e+01
8.506613e+01
-8.553917e+01
8.807881e+01
-8.860654e+01
9.140445e+01
-9.199575e+01
9.509407e+01
-9.575985e+01
9.921035e+01
-9.996414e+01
1.038312e+02
-1.046900e+02
1.090548e+02
-1.100402e+02
1.150062e+02
-1.161464e+02
1.218479e+02
-1.231797e+02
1.297945e+02
-1.313674e+02
1.391354e+02
-1.410176e+02
1.502704e+02
-1.525585e+02
1.637686e+02
-1.666034e+02
1.804675e+02
-1.840630e+02
2.016524e+02
-2.063507e+02
2.294022e+02
-2.357841e+02
2.673108e+02
-2.764469e+02
3.221705e+02
-3.362660e+02
4.085268e+02
-4.329247e+02
5.640336e+02
-6.155431e+02
9.242410e+02
-1.090425e+03
2.559257e+03
-5.364747e+03
1.480041e+03
1.759250e+03
-7.750652e+02
7.415924e+02
-4.881657e+02
4.640854e+02
-3.492257e+02
3.346089e+02
-2.692550e+02
2.596702e+02
-2.175353e+02
2.108152e+02
-1.814068e+02
1.764512e+02
-1.547663e+02
1.509689e+02
-1.343213e+02
1.313234e+02
-1.181424e+02
1.157189e+02
-1.050249e+02
1.030277e+02
-9.417832e+01
9.250613e+01
-8.506257e+01
8.364379e+01
-7.729615e+01
7.607875e+01
-7.060193e+01
6.954722e+01
-6.477382e+01
6.385242e+01
-5.965535e+01
5.884455e+01
-5.512558e+01
5.440759e+01
-5.108961e+01
5.045024e+01
-4.747187e+01
4.689970e+01
-4.421149e+01
4.369723e+01
-4.125887e+01
4.079484e+01
-3.857317e+01
3.815303e+01
-3.612050e+01
3.573892e+01
-3.387247e+01
3.352496e+01
-3.180512e+01
3.148787e+01
-2.989810e+01
2.960785e+01
-2.813402e+01
2.786796e+01
-2.649791e+01
2.625361e+01
-2.497683e+01
2.475219e+01
-2.355953e+01
2.335270e+01
-2.223618e+01
2.204556e+01
-2.099817e+01
2.082232e+01
-1.983791e+01
1.967557e+01
-1.874867e+01
1.859874e+01
-1.772450e+01
1.758597e+01
-1.676009e+01
1.663209e+01
-1.585070e+01
1.573242e+01
-1.499207e+01
1.488281e+01
-1.418040e+01
1.407950e+01
-1.341222e+01
1.331910e+01
-1.268444e+01
1.259857e+01
-1.199422e+01
1.191513e+01
-1.133901e+01
1.126626e+01
-1.071647e+01
1.064968e+01
-1.012449e+01
1.006327e+01
-9.561108e+00
9.505144e+00
-9.024552e+00
8.973537e+00
-8.513189e+00
8.466843e+00
-8.025517e+00
7.983584e+00
-7.560154e+00
7.522397e+00
-7.115825e+00
7.082026e+00
-6.691352e+00
6.661311e+00
-6.285647e+00
6.259178e+00
-5.897700e+00
5.874631e+00
-5.526575e+00
5.506747e+00
-5.171403e+00
5.154668e+00
-4.831375e+00
4.817595e+00
-4.505738e+00
4.494786e+00
-4.193790e+00
4.185547e+00
-3.894875e+00
3.889231e+00
-3.608380e+00
3.605233e+00
-3.333734e+00
3.332988e+00
-3.070400e+00
3.071965e+00
-2.817874e+00
2.821669e+00
-2.575686e+00
2.581632e+00
-2.343394e+00
2.351418e+00
-2.120580e+00
2.130616e+00
-1.906854e+00
1.918839e+00
-1.701848e+00
1.715722e+00
-1.505214e+00
1.520924e+00
-1.316627e+00
1.334122e+00
-1.135778e+00
1.155010e+00
-9.623768e-01
9.833014e-01
-7.961480e-01
8.187246e-01
-6.368326e-01
6.610232e-01
-4.841855e-01
5.099547e-01
-3.379749e-01
3.652901e-01
-1.979814e-01
2.268125e-01
-6.399742e-02
9.431673e-02
6.417341e-02
-3.239141e-02
1.867172e-01
-1.534958e-01
3.038103e-01
-2.691707e-01
4.156195e-01
-3.795809e-01
5.223032e-01
-4.848830e-01
6.240114e-01
-5.852248e-01
7.208861e-01
-6.807469e-01
8.130620e-01
-7.715821e-01
9.006668e-01
-8.578563e-01
9.838214e-01
-9.396889e-01
1.062640e+00
-1.017193e+00
1.137232e+00
-1.090475e+00
1.207699e+00
-1.159636e+00
1.274139e+00
-1.224773e+00
1.336644e+00
-1.285974e+00
1.395300e+00
-1.343327e+00
1.450189e+00
-1.396910e+00
1.501388e+00
-1.446800e+00
1.548970e+00
-1.493068e+00
1.593004e+00
-1.535781e+00
1.633554e+00
-1.575001e+00
1.670680e+00
-1.610788e+00
1.704437e+00
-1.643195e+00
1.734879e+00
-1.672275e+00
1.762055e+00
-1.698073e+00
1.786008e+00
-1.720634e+00
1.806781e+00
-1.739997e+00
1.824412e+00
-1.756199e+00
1.838935e+00
-1.769272e+00
1.850381e+00
-1.779246e+00
1.858779e+00
-1.786147e+00
1.864153e+00
-1.789998e+00
1.866524e+00
-1.790819e+00
1.865911e+00
-1.788625e+00
1.862329e+00
-1.783430e+00
1.855788e+00
-1.775243e+00
1.846298e+00
-1.764069e+00
1.833864e+00
-1.749913e+00
1.818488e+00
-1.732773e+00
1.800167e+00
-1.712645e+00
1.778897e+00
-1.689521e+00
1.754670e+00
-1.663392e+00
1.727474e+00
-1.634240e+00
1.697293e+00
-1.602049e+00
1.664109e+00
-1.566796e+00
1.627897e+00
-1.528453e+00
1.588631e+00
-1.486990e+00
1.546281e+00
-1.442373e+00
1.500809e+00
-1.394562e+00
1.452178e+00
-1.343512e+00
1.400342e+00
-1.289175e+00
1.345252e+00
-1.231497e+00
1.286855e+00
-1.170417e+00
1.225090e+00
-1.105872e+00
1.159892e+00
-1.037789e+00
1.091190e+00
-9.660912e-01
1.018907e+00
-8.906946e-01
9.429597e-01
-8.115077e-01
8.632561e-01
-7.284316e-01
7.796980e-01
-6.413594e-01
6.921791e-01
-5.501754e-01
6.005844e-01
-4.547548e-01
5.047898e-01
-3.549630e-01
4.046614e-01
-2.506543e-01
3.000548e-01
-1.416721e-01
1.908142e-01
-2.784711e-02
7.677178e-02
9.100333e-02
-4.225372e-02
2.150762e-01
-1.664577e-01
3.445844e-01
-2.960511e-01
4.797575e-01
-4.312616e-01
6.208439e-01
-5.723352e-01
7.681123e-01
-7.195381e-01
9.218533e-01
-8.731580e-01
1.082382e+00
-1.033507e+00
1.250039e+00
-1.200922e+00
1.425196e+00
-1.375771e+00
1.608256e+00
-1.558451e+00
1.799657e+00
-1.749396e+00
1.999876e+00
-1.949079e+00
2.209435e+00
-2.158013e+00
2.428903e+00
-2.376762e+00
2.658905e+00
-2.605942e+00
2.900125e+00
-2.846228e+00
3.153314e+00
-3.098360e+00
3.419300e+00
-3.363156e+00
3.698996e+00
-3.641514e+00
3.993412e+00
-3.934431e+00
4.303669e+00
-4.243007e+00
4.631009e+00
-4.568468e+00
4.976820e+00
-4.912177e+00
5.342652e+00
-5.275657e+00
5.730240e+00
-5.660614e+00
6.141540e+00
-6.068964e+00
6.578754e+00
-6.502870e+00
7.044379e+00
-6.964778e+00
7.541254e+00
-7.457466e+00
8.072621e+00
-7.984106e+00
8.642196e+00
-8.548328e+00
9.254263e+00
-9.154313e+00
9.913786e+00
-9.806899e+00
1.062655e+01
-1.051171e+01
1.139932e+01
-1.127533e+01
1.224009e+01
-1.210552e+01
1.315836e+01
-1.301146e+01
1.416550e+01
-1.400413e+01
1.527522e+01
-1.509676e+01
1.650426e+01
-1.630542e+01
1.787320e+01
-1.764982e+01
1.940771e+01
-1.915444e+01
2.114012e+01
-2.084999e+01
2.311187e+01
-2.277558e+01
2.537682e+01
-2.498174e+01
2.800635e+01
-2.753488e+01
3.109711e+01
-3.052399e+01
3.478330e+01
-3.407099e+01
3.925677e+01
-3.834714e+01
4.480179e+01
-4.360007e+01
5.185816e+01
-5.019953e+01
6.114442e+01
-5.871715e+01
7.391964e+01
-7.006340e+01
9.260780e+01
-8.567745e+01
1.225412e+02
-1.072579e+02
1.781141e+02
-1.276476e+02
3.144721e+02
2.341261e+02
-3.710025e+03
3.174554e+03
-5.767300e+02
4.816062e+02
-2.519212e+02
2.416899e+02
-1.621570e+02
1.602310e+02
-1.203055e+02
1.200483e+02
-9.610710e+01
9.627914e+01
-8.033790e+01
8.061842e+01
-6.924392e+01
6.953592e+01
-6.101122e+01
6.128434e+01
-5.465642e+01
5.490251e+01
-4.960026e+01
4.981894e+01
-4.547942e+01
4.567291e+01
-4.205445e+01
4.222567e+01
-3.916118e+01
3.931300e+01
-3.668326e+01
3.681827e+01
-3.453595e+01
3.465641e+01
-3.265607e+01
3.276390e+01
-3.099554e+01
3.109238e+01
-2.951714e+01
2.960436e+01
-2.819160e+01
2.827037e+01
-2.699559e+01
2.706689e+01
-2.591027e+01
2.597495e+01
-2.492027e+01
2.497907e+01
-2.401295e+01
2.406647e+01
-2.317777e+01
2.322654e+01
-2.240590e+01
2.245040e+01
-2.168991e+01
2.173053e+01
-2.102344e+01
2.106055e+01
-2.040109e+01
2.043497e+01
-1.981817e+01
1.984911e+01
-1.927065e+01
1.929889e+01
-1.875502e+01
1.878076e+01
-1.826819e+01
1.829163e+01
-1.780748e+01
1.782879e+01
-1.737051e+01
1.738982e+01
-1.695516e+01
1.697262e+01
-1.655957e+01
1.657530e+01
-1.618208e+01
1.619618e+01
-1.582118e+01
1.583375e+01
-1.547555e+01
1.548668e+01
-1.514397e+01
1.515374e+01
-1.482537e+01
1.483385e+01
-1.451875e+01
1.452601e+01
-1.422323e+01
1.422933e+01
-1.393800e+01
1.394299e+01
-1.366231e+01
1.366624e+01
-1.339549e+01
1.339841e+01
-1.313692e+01
1.313887e+01
-1.288603e+01
1.288705e+01
-1.264231e+01
1.264242e+01
-1.240526e+01
1.240451e+01
-1.217444e+01
1.217286e+01
-1.194945e+01
1.194706e+01
-1.172990e+01
1.172672e+01
-1.151544e+01
1.151150e+01
-1.130574e+01
1.130105e+01
-1.110050e+01
1.109508e+01
-1.089942e+01
1.089330e+01
-1.070224e+01
1.069543e+01
-1.050871e+01
1.050123e+01
-1.031860e+01
1.031045e+01
-1.013169e+01
1.012288e+01
-9.947758e+00
9.938314e+00
-9.766623e+00
9.756548e+00
-9.588096e+00
9.577398e+00
-9.412004e+00
9.400691e+00
-9.238181e+00
9.226259e+00
-9.066470e+00
9.053945e+00
-8.896722e+00
8.883600e+00
-8.728796e+00
8.715081e+00
-8.562558e+00
8.548253e+00
-8.397877e+00
8.382986e+00
-8.234631e+00
8.219155e+00
-8.072701e+00
8.056643e+00
-7.911975e+00
7.895335e+00
-7.752343e+00
7.735121e+00
-7.593700e+00
7.575896e+00
-7.435946e+00
7.417558e+00
-7.278981e+00
7.260009e+00
-7.122711e+00
7.103152e+00
-6.967044e+00
6.946896e+00
-6.811890e+00
6.791150e+00
-6.657163e+00
6.635827e+00
-6.502777e+00
6.480840e+00
-6.348649e+00
6.326106e+00
-6.194698e+00
6.171544e+00
-6.040842e+00
6.017072e+00
-5.887005e+00
5.862610e+00
-5.733107e+00
5.708082e+00
-5.579072e+00
5.553409e+00
-5.424824e+00
5.398515e+00
-5.270289e+00
5.243324e+00
-5.115390e+00
5.087760e+00
-4.960054e+00
4.931749e+00
-4.804207e+00
4.775216e+00
-4.647773e+00
4.618084e+00
-4.490679e+00
4.460281e+00
-4.332849e+00
4.301729e+00
-4.174209e+00
4.142354e+00
-4.014683e+00
3.982078e+00
-3.854195e+00
3.820825e+00
-3.692667e+00
3.658517e+00
-3.530022e+00
3.495075e+00
-3.366180e+00
3.330418e+00
-3.201060e+00
3.164465e+00
-3.034580e+00
2.997134e+00
-2.866658e+00
2.828339e+00
-2.697207e+00
2.657995e+00
-2.526140e+00
2.486013e+00
-2.353368e+00
2.312302e+00
-2.178799e+00
2.136770e+00
-2.002339e+00
1.959321e+00
-1.823892e+00
1.779858e+00
-1.643357e+00
1.598279e+00
-1.460631e+00
1.414480e+00
-1.275610e+00
1.228353e+00
-1.088182e+00
1.039788e+00
-8.982347e-01
8.486689e-01
-7.056501e-01
6.548766e-01
-5.103063e-01
4.582872e-01
-3.120765e-01
2.587722e-01
-1.108291e-01
5.619787e-02
9.357297e-02
-1.495751e-01
3.012725e-01
-3.586917e-01
5.124185e-01
-5.713032e-01
7.271663e-01
-7.875678e-01
9.456783e-01
-1.007650e+00
1.168125e+00
-1.231724e+00
1.394683e+00
-1.459970e+00
1.625540e+00
-1.692577e+00
1.860891e+00
-1.929745e+00
2.100942e+00
-2.171683e+00
2.345908e+00
-2.418611e+00
2.596018e+00
-2.670761e+00
2.851509e+00
-2.928376e+00
3.112635e+00
-3.191714e+00
3.379662e+00
-3.461046e+00
3.652871e+00
-3.736658e+00
3.932559e+00
-4.018856e+00
4.219042e+00
-4.307959e+00
4.512653e+00
-4.604309e+00
4.813745e+00
-4.908267e+00
5.122695e+00
-5.220217e+00
5.439902e+00
-5.540567e+00
5.765791e+00
-5.869752e+00
6.100815e+00
-6.208236e+00
6.445458e+00
-6.556513e+00
6.800234e+00
-6.915110e+00
7.165696e+00
-7.284593e+00
7.542434e+00
-7.665567e+00
7.931081e+00
-8.058682e+00
8.332317e+00
-8.464633e+00
8.746871e+00
-8.884170e+00
9.175531e+00
-9.318101e+00
9.619144e+00
-9.767296e+00
1.007862e+01
-1.023269e+01
1.055496e+01
-1.071531e+01
1.104922e+01
-1.121626e+01
1.156257e+01
-1.173672e+01
1.209628e+01
-1.227800e+01
1.265171e+01
-1.284152e+01
1.323037e+01
-1.342883e+01
1.383389e+01
-1.404161e+01
1.446408e+01
-1.468172e+01
1.512289e+01
-1.535120e+01
1.581251e+01
-1.605229e+01
1.653531e+01
-1.678747e+01
1.729393e+01
-1.755946e+01
1.809132e+01
-1.837132e+01
1.893070e+01
-1.922641e+01
1.981572e+01
-2.012850e+01
2.075042e+01
-2.108182e+01
2.173935e+01
-2.209109e+01
2.278762e+01
-2.316165e+01
2.390100e+01
-2.429953e+01
2.508604e+01
-2.551159e+01
2.635020e+01
-2.680562e+01
2.770198e+01
-2.819058e+01
2.915118e+01
-2.967674e+01
3.070910e+01
-3.127601e+01
3.238883e+01
-3.300222e+01
3.420569e+01
-3.487155e+01
3.617766e+01
-3.690305e+01
3.832598e+01
-3.911933e+01
4.067598e+01
-4.154735e+01
4.325809e+01
-4.421964e+01
4.610914e+01
-4.717571e+01
4.927422e+01
-5.046408e+01
5.280908e+01
-5.414499e+01
5.678349e+01
-5.829419e+01
6.128595e+01
-6.300824e+01
6.643042e+01
-6.841220e+01
7.236619e+01
-7.467100e+01
7.929270e+01
-8.200665e+01
8.748260e+01
-9.072533e+01
9.731862e+01
-1.012614e+02
1.093555e+02
-1.142524e+02
1.244286e+02
-1.306735e+02
1.438576e+02
-1.520947e+02
1.698559e+02
-1.812167e+02
2.064430e+02
-2.231109e+02
2.617561e+02
-2.885480e+02
3.551392e+02
-4.051135e+02
5.465488e+02
-6.706974e+02
1.160380e+03
-1.827255e+03
-8.779811e+02
2.275828e+03
-9.703645e+02
7.346498e+02
-5.128897e+02
4.397418e+02
-3.503077e+02
3.151342e+02
-2.670050e+02
2.463922e+02
-2.163560e+02
2.028262e+02
-1.823021e+02
1.727429e+02
-1.578310e+02
1.507187e+02
-1.393933e+02
1.338948e+02
-1.249997e+02
1.206213e+02
-1.134490e+02
1.098796e+02
-1.039726e+02
1.010066e+02
-9.605628e+01
9.355220e+01
-8.934267e+01
8.720007e+01
-8.357586e+01
8.172144e+01
-7.856771e+01
7.694672e+01
-7.417683e+01
7.274758e+01
-7.029491e+01
6.902506e+01
-6.683757e+01
6.570167e+01
-6.373810e+01
6.271585e+01
-6.094309e+01
6.001808e+01
-5.840922e+01
5.756807e+01
-5.610104e+01
5.533270e+01
-5.398921e+01
5.328450e+01
-5.204929e+01
5.140050e+01
-5.026071e+01
4.966134e+01
-4.860607e+01
4.805057e+01
-4.707052e+01
4.655416e+01
-4.564133e+01
4.516003e+01
-4.430754e+01
4.385775e+01
-4.305961e+01
4.263827e+01
-4.188926e+01
4.149367e+01
-4.078921e+01
4.041702e+01
-3.975308e+01
3.940220e+01
-3.877524e+01
3.844383e+01
-3.785070e+01
3.753712e+01
-3.697499e+01
3.667779e+01
-3.614418e+01
3.586204e+01
-3.535469e+01
3.508645e+01
-3.460336e+01
3.434797e+01
-3.388731e+01
3.364381e+01
-3.320395e+01
3.297149e+01
-3.255094e+01
3.232873e+01
-3.192614e+01
3.171349e+01
-3.132763e+01
3.112388e+01
-3.075365e+01
3.055821e+01
-3.020257e+01
3.001491e+01
-2.967293e+01
2.949255e+01
-2.916337e+01
2.898982e+01
-2.867265e+01
2.850551e+01
-2.819962e+01
2.803851e+01
-2.774323e+01
2.758780e+01
-2.730251e+01
2.715242e+01
-2.687655e+01
2.673149e+01
-2.646451e+01
2.632422e+01
-2.606563e+01
2.592982e+01
-2.567917e+01
2.554762e+01
-2.530447e+01
2.517694e+01
-2.494091e+01
2.481719e+01
-2.458789e+01
2.446778e+01
-2.424487e+01
2.412820e+01
-2.391134e+01
2.379793e+01
-2.358683e+01
2.347651e+01
-2.327088e+01
2.316350e+01
-2.296308e+01
2.285849e+01
-2.266302e+01
2.256110e+01
-2.237034e+01
2.227095e+01
-2.208467e+01
2.198771e+01
-2.180570e+01
2.171104e+01
-2.153311e+01
2.144064e+01
-2.126660e+01
2.117623e+01
-2.100589e+01
2.091752e+01
-2.075072e+01
2.066425e+01
-2.050083e+01
2.041619e+01
-2.025598e+01
2.017309e+01
-2.001596e+01
1.993473e+01
-1.978054e+01
1.970089e+01
-1.954951e+01
1.947139e+01
-1.932269e+01
1.924602e+01
-1.909988e+01
1.902460e+01
-1.888091e+01
1.880695e+01
-1.866560e+01
1.859291e+01
-1.845379e+01
1.838231e+01
-1.824532e+01
1.817500e+01
-1.804004e+01
1.797084e+01
-1.783782e+01
1.776967e+01
-1.763850e+01
1.757136e+01
-1.744196e+01
1.737579e+01
-1.724807e+01
1.718282e+01
-1.705670e+01
1.699232e+01
-1.686773e+01
1.680419e+01
-1.668105e+01
1.661831e+01
-1.649654e+01
1.643456e+01
-1.631410e+01
1.625283e+01
-1.613361e+01
1.607303e+01
-1.595498e+01
1.589505e+01
-1.577811e+01
1.571879e+01
-1.560289e+01
1.554415e+01
-1.542923e+01
1.537104e+01
-1.525704e+01
1.519937e+01
-1.508622e+01
1.502904e+01
-1.491669e+01
1.485996e+01
-1.474836e+01
1.469205e+01
-1.458114e+01
1.452522e+01
-1.441494e+01
1.435939e+01
-1.424968e+01
1.419447e+01
-1.408528e+01
1.403037e+01
-1.392165e+01
1.386702e+01
-1.375871e+01
1.370433e+01
-1.359638e+01
1.354222e+01
-1.343457e+01
1.338061e+01
-1.327321e+01
1.321941e+01
-1.311221e+01
1.305855e+01
-1.295149e+01
1.289794e+01
-1.279096e+01
1.273749e+01
-1.263055e+01
1.257713e+01
-1.247016e+01
1.241677e+01
-1.230973e+01
1.225633e+01
-1.214915e+01
1.209572e+01
-1.198834e+01
1.193484e+01
-1.182722e+01
1.177363e+01
-1.166568e+01
1.161197e+01
-1.150365e+01
1.144978e+01
-1.134103e+01
1.128697e+01
-1.117772e+01
1.112344e+01
-1.101361e+01
1.095908e+01
-1.084862e+01
1.079379e+01
-1.068264e+01
1.062748e+01
-1.051554e+01
1.046003e+01
-1.034724e+01
1.029132e+01
-1.017760e+01
1.012124e+01
-1.000651e+01
9.949667e+00
-9.833848e+00
9.776477e+00
-9.659477e+00
9.601535e+00
-9.483264e+00
9.424704e+00
-9.305067e+00
9.245842e+00
-9.124740e+00
9.064797e+00
-8.942125e+00
8.881412e+00
-8.757061e+00
8.695521e+00
-8.569377e+00
8.506951e+00
-8.378891e+00
8.315517e+00
-8.185415e+00
8.121027e+00
-7.988747e+00
7.923275e+00
-7.788676e+00
7.722047e+00
-7.584976e+00
7.517113e+00
-7.377410e+00
7.308229e+00
-7.165724e+00
7.095137e+00
-6.949648e+00
6.877562e+00
-6.728896e+00
6.655210e+00
-6.503160e+00
6.427768e+00
-6.272114e+00
6.194902e+00
-6.035406e+00
5.956250e+00
-5.792660e+00
5.711429e+00
-5.543472e+00
5.460024e+00
-5.287406e+00
5.201589e+00
-5.023993e+00
4.935642e+00
-4.752728e+00
4.661664e+00
-4.473061e+00
4.379091e+00
-4.184399e+00
4.087314e+00
-3.886097e+00
3.785670e+00
-3.577453e+00
3.473434e+00
-3.257702e+00
3.149821e+00
-2.926008e+00
2.813968e+00
-2.581456e+00
2.464930e+00
-2.223040e+00
2.101671e+00
-1.849656e+00
1.723048e+00
-1.460083e+00
1.327800e+00
-1.052975e+00
9.145334e-01
-6.268353e-01
4.816984e-01
-1.800033e-01
2.757167e-02
2.893752e-01
-4.497711e-01
7.833738e-01
-9.524852e-01
1.304321e+00
-1.482993e+00
1.854838e+00
-2.044026e+00
2.437890e+00
-2.638679e+00
3.056844e+00
-3.270466e+00
3.715537e+00
-3.943404e+00
4.418361e+00
-4.662097e+00
5.170374e+00
-5.431852e+00
5.977422e+00
-6.258820e+00
6.846305e+00
-7.150166e+00
7.784980e+00
-8.114295e+00
8.802815e+00
-9.161125e+00
9.910919e+00
-1.030245e+01
1.112257e+01
-1.155239e+01
1.245375e+01
-1.292803e+01
1.392391e+01
-1.445019e+01
1.555695e+01
-1.614458e+01
1.738251e+01
-1.804322e+01
1.943793e+01
-2.018660e+01
2.177078e+01
-2.262663e+01
2.444272e+01
-2.543100e+01
2.753511e+01
-2.868963e+01
3.115753e+01
-3.252463e+01
3.546118e+01
-3.710614e+01
4.066070e+01
-4.267848e+01
4.707135e+01
-4.960558e+01
5.517564e+01
-5.845422e+01
6.575107e+01
-7.015836e+01
8.013571e+01
-8.637366e+01
1.008428e+02
-1.103407e+02
1.332069e+02
-1.493749e+02
1.908480e+02
-2.241831e+02
3.215586e+02
-4.249202e+02
8.758101e+02
-2.482845e+03
1.311361e+03
6.078578e+02
-3.348235e+02
2.925985e+02
-2.155146e+02
1.947369e+02
-1.591985e+02
1.475334e+02
-1.271694e+02
1.197705e+02
-1.065880e+02
1.014911e+02
-9.226415e+01
8.854338e+01
-8.172413e+01
7.888950e+01
-7.364381e+01
7.141261e+01
-6.725149e+01
6.544946e+01
-6.206737e+01
6.058137e+01
-5.777763e+01
5.653103e+01
-5.416843e+01
5.310750e+01
-5.108903e+01
5.017499e+01
-4.843016e+01
4.763433e+01
-4.611065e+01
4.541138e+01
-4.406899e+01
4.344958e+01
-4.225766e+01
4.170509e+01
-4.063944e+01
4.014336e+01
-3.918470e+01
3.873680e+01
-3.786960e+01
3.746313e+01
-3.667472e+01
3.630413e+01
-3.558409e+01
3.524479e+01
-3.458445e+01
3.427262e+01
-3.366473e+01
3.337711e+01
-3.281555e+01
3.254942e+01
-3.202899e+01
3.178200e+01
-3.129825e+01
3.106838e+01
-3.061749e+01
3.040302e+01
-2.998167e+01
2.978109e+01
-2.938640e+01
2.919840e+01
-2.882787e+01
2.865129e+01
-2.830270e+01
2.813654e+01
-2.780795e+01
2.765130e+01
-2.734100e+01
2.719307e+01
-2.689953e+01
2.675962e+01
-2.648148e+01
2.634896e+01
-2.608500e+01
2.595931e+01
-2.570845e+01
2.558907e+01
-2.535033e+01
2.523681e+01
-2.500930e+01
2.490123e+01
-2.468417e+01
2.458117e+01
-2.437383e+01
2.427556e+01
-2.407728e+01
2.398345e+01
-2.379363e+01
2.370394e+01
-2.352205e+01
2.343625e+01
-2.326178e+01
2.317964e+01
-2.301213e+01
2.293344e+01
-2.277248e+01
2.269703e+01
-2.254223e+01
2.246985e+01
-2.232086e+01
2.225138e+01
-2.210787e+01
2.204113e+01
-2.190281e+01
2.183867e+01
-2.170525e+01
2.164358e+01
-2.151480e+01
2.145548e+01
-2.133111e+01
2.127402e+01
-2.115383e+01
2.109887e+01
-2.098266e+01
2.092973e+01
-2.081730e+01
2.076631e+01
-2.065748e+01
2.060835e+01
-2.050296e+01
2.045561e+01
-2.035349e+01
2.030785e+01
-2.020886e+01
2.016485e+01
-2.006885e+01
2.002642e+01
-1.993329e+01
1.989237e+01
-1.980198e+01
1.976252e+01
-1.967476e+01
1.963670e+01
-1.955147e+01
1.951476e+01
-1.943195e+01
1.939656e+01
-1.931608e+01
1.928195e+01
-1.920372e+01
1.917081e+01
-1.909473e+01
1.906302e+01
-1.898902e+01
1.895846e+01
-1.888647e+01
1.885703e+01
-1.878697e+01
1.875862e+01
-1.869043e+01
1.866313e+01
-1.859675e+01
1.857049e+01
-1.850585e+01
1.848060e+01
-1.841766e+01
1.839339e+01
-1.833208e+01
1.830877e+01
-1.824905e+01
1.822669e+01
-1.816851e+01
1.814706e+01
-1.809038e+01
1.806984e+01
-1.801461e+01
1.799495e+01
-1.794114e+01
1.792235e+01
-1.786992e+01
1.785199e+01
-1.780089e+01
1.778380e+01
-1.773401e+01
1.771776e+01
-1.766924e+01
1.765380e+01
-1.760653e+01
1.759190e+01
-1.754585e+01
1.753202e+01
-1.748716e+01
1.747412e+01
-1.743042e+01
1.741816e+01
-1.737560e+01
1.736413e+01
-1.732268e+01
1.731198e+01
-1.727163e+01
1.726169e+01
-1.722242e+01
1.721325e+01
-1.717503e+01
1.716662e+01
-1.712944e+01
1.712179e+01
-1.708563e+01
1.707874e+01
-1.704358e+01
1.703745e+01
-1.700328e+01
1.699791e+01
-1.696472e+01
1.696011e+01
-1.692789e+01
1.692404e+01
-1.689277e+01
1.688969e+01
-1.685936e+01
1.685704e+01
-1.682766e+01
1.682611e+01
-1.679765e+01
1.679688e+01
-1.676934e+01
1.676935e+01
-1.674273e+01
1.674353e+01
-1.671781e+01
1.671941e+01
-1.669460e+01
1.669700e+01
-1.667309e+01
1.667631e+01
-1.665329e+01
1.665734e+01
-1.663522e+01
1.664011e+01
-1.661888e+01
1.662462e+01
-1.660428e+01
1.661088e+01
-1.659145e+01
1.659893e+01
-1.658039e+01
1.658876e+01
-1.657112e+01
1.658041e+01
-1.656368e+01
1.657390e+01
-1.655807e+01
1.656924e+01
-1.655433e+01
1.656647e+01
-1.655248e+01
1.656561e+01
-1.655256e+01
1.656671e+01
-1.655459e+01
1.656978e+01
-1.655862e+01
1.657488e+01
-1.656468e+01
1.658203e+01
-1.657281e+01
1.659130e+01
-1.658306e+01
1.660271e+01
-1.659548e+01
1.661633e+01
-1.661013e+01
1.663220e+01
-1.662704e+01
1.665039e+01
-1.664630e+01
1.667096e+01
-1.666795e+01
1.669397e+01
-1.669208e+01
1.671950e+01
-1.671874e+01
1.674762e+01
-1.674803e+01
1.677842e+01
-1.678003e+01
1.681198e+01
-1.681482e+01
1.684840e+01
-1.685251e+01
1.688778e+01
-1.689319e+01
1.693022e+01
-1.693697e+01
1.697584e+01
-1.698399e+01
1.702477e+01
-1.703435e+01
1.707713e+01
-1.708820e+01
1.713307e+01
-1.714569e+01
1.719274e+01
-1.720697e+01
1.725630e+01
-1.727220e+01
1.732394e+01
-1.734158e+01
1.739583e+01
-1.741529e+01
1.747219e+01
-1.749355e+01
1.755323e+01
-1.757657e+01
1.763920e+01
-1.766461e+01
1.773033e+01
-1.775793e+01
1.782692e+01
-1.785682e+01
1.792927e+01
-1.796158e+01
1.803769e+01
-1.807255e+01
1.815254e+01
-1.819009e+01
1.827421e+01
-1.831461e+01
1.840311e+01
-1.844653e+01
1.853971e+01
-1.858633e+01
1.868449e+01
-1.873452e+01
1.883802e+01
-1.889168e+01
1.900088e+01
-1.905842e+01
1.917375e+01
-1.923543e+01
1.935734e+01
-1.942347e+01
1.955246e+01
-1.962337e+01
1.976000e+01
-1.983606e+01
1.998096e+01
-2.006258e+01
2.021642e+01
-2.030406e+01
2.046763e+01
-2.056180e+01
2.073596e+01
-2.083723e+01
2.102296e+01
-2.113197e+01
2.133037e+01
-2.144786e+01
2.166017e+01
-2.178697e+01
2.201460e+01
-2.215165e+01
2.239623e+01
-2.254460e+01
2.280798e+01
-2.296893e+01
2.325324e+01
-2.342820e+01
2.373591e+01
-2.392654e+01
2.426056e+01
-2.446881e+01
2.483251e+01
-2.506066e+01
2.545804e+01
-2.570880e+01
2.614461e+01
-2.642121e+01
2.690114e+01
-2.720744e+01
2.773837e+01
-2.807907e+01
2.866939e+01
-2.905025e+01
2.971029e+01
-3.013842e+01
3.088109e+01
-3.136538e+01
3.220698e+01
-3.275874e+01
3.372013e+01
-3.435392e+01
3.546233e+01
-3.619722e+01
3.748877e+01
-3.835025e+01
3.987397e+01
-4.089686e+01
4.272098e+01
-4.395418e+01
4.617655e+01
-4.769083e+01
5.045689e+01
-5.235863e+01
5.589432e+01
-5.835089e+01
6.302695e+01
-6.631719e+01
7.278665e+01
-7.740998e+01
8.693716e+01
-9.387585e+01
1.092558e+02
-1.206812e+02
1.494458e+02
-1.704873e+02
2.399489e+02
-2.379996e+02
-1.620486e+03
1.987043e+03
-5.130391e+02
3.115793e+02
-2.002622e+02
1.580561e+02
-1.207433e+02
1.032338e+02
-8.478885e+01
7.530578e+01
-6.434785e+01
5.842424e+01
-5.117512e+01
4.713116e+01
-4.198451e+01
3.905127e+01
-3.521005e+01
3.298685e+01
-3.001121e+01
2.826905e+01
-2.589658e+01
2.449522e+01
-2.255975e+01
2.140856e+01
-1.979975e+01
1.883757e+01
-1.747932e+01
1.666338e+01
-1.550150e+01
1.480102e+01
-1.379588e+01
1.318813e+01
-1.231007e+01
1.177792e+01
-1.100432e+01
1.053458e+01
-9.847872e+00
9.430261e+00
-8.816609e+00
8.442974e+00
-7.891319e+00
7.555116e+00
-7.056519e+00
6.752436e+00
-6.299595e+00
6.023272e+00
-5.610161e+00
5.357991e+00
-4.979592e+00
4.748562e+00
-4.400666e+00
4.188238e+00
-3.867286e+00
3.671310e+00
-3.374272e+00
3.192914e+00
-2.917196e+00
2.748879e+00
-2.492246e+00
2.335611e+00
-2.096127e+00
1.949993e+00
-1.725972e+00
1.589310e+00
-1.379278e+00
1.251185e+00
-1.053847e+00
9.335303e-01
-7.477442e-01
6.345018e-01
-4.592564e-01
3.524663e-01
-1.868628e-01
8.597138e-02
7.079176e-02
-1.662788e-01
3.149187e-01
-4.054444e-01
5.466046e-01
-6.325670e-01
7.668267e-01
-8.485846e-01
9.764666e-01
-1.054344e+00
1.176322e+00
-1.250613e+00
1.367115e+00
-1.438087e+00
1.549504e+00
-1.617400e+00
1.724088e+00
-1.789129e+00
1.891413e+00
-1.953803e+00
2.051981e+00
-2.111905e+00
2.206250e+00
-2.263880e+00
2.354643e+00
-2.410135e+00
2.497547e+00
-2.551048e+00
2.635323e+00
-2.686966e+00
2.768301e+00
-2.818211e+00
2.896788e+00
-2.945079e+00
3.021068e+00
-3.067849e+00
3.141407e+00
-3.186776e+00
3.258051e+00
-3.302101e+00
3.371228e+00
-3.414047e+00
3.481154e+00
-3.522822e+00
3.588028e+00
-3.628622e+00
3.692039e+00
-3.731630e+00
3.793362e+00
-3.832018e+00
3.892164e+00
-3.929947e+00
3.988599e+00
-4.025569e+00
4.082815e+00
-4.119028e+00
4.174950e+00
-4.210460e+00
4.265135e+00
-4.299992e+00
4.353494e+00
-4.387746e+00
4.440144e+00
-4.473838e+00
4.525198e+00
-4.558376e+00
4.608760e+00
-4.641464e+00
4.690934e+00
-4.723203e+00
4.771814e+00
-4.803687e+00
4.851492e+00
-4.883005e+00
4.930058e+00
-4.961246e+00
5.007596e+00
-5.038493e+00
5.084187e+00
-5.114824e+00
5.159909e+00
-5.190318e+00
5.234837e+00
-5.265049e+00
5.309043e+00
-5.339088e+00
5.382599e+00
-5.412504e+00
5.455571e+00
-5.485365e+00
5.528026e+00
-5.557736e+00
5.600029e+00
-5.629680e+00
5.671640e+00
-5.701259e+00
5.742921e+00
-5.772534e+00
5.813932e+00
-5.843564e+00
5.884731e+00
-5.914406e+00
5.955375e+00
-5.985117e+00
6.025920e+00
-6.055754e+00
6.096421e+00
-6.126370e+00
6.166933e+00
-6.197022e+00
6.237510e+00
-6.267761e+00
6.308206e+00
-6.338643e+00
6.379072e+00
-6.409720e+00
6.450164e+00
-6.481044e+00
6.521532e+00
-6.552669e+00
6.593229e+00
-6.624646e+00
6.665308e+00
-6.697030e+00
6.737822e+00
-6.769872e+00
6.810824e+00
-6.843226e+00
6.884366e+00
-6.917145e+00
6.958503e+00
-6.991683e+00
7.033288e+00
-7.066896e+00
7.108777e+00
-7.142837e+00
7.185024e+00
-7.219564e+00
7.262087e+00
-7.297132e+00
7.340023e+00
-7.375601e+00
7.418890e+00
-7.455029e+00
7.498748e+00
-7.535477e+00
7.579657e+00
-7.617005e+00
7.661681e+00
-7.699678e+00
7.744883e+00
-7.783560e+00
7.829328e+00
-7.868718e+00
7.915085e+00
-7.955220e+00
8.002222e+00
-8.043137e+00
8.090811e+00
-8.132542e+00
8.180926e+00
-8.223509e+00
8.272644e+00
-8.316116e+00
8.366043e+00
-8.410445e+00
8.461206e+00
-8.506578e+00
8.558217e+00
-8.604602e+00
8.657165e+00
-8.704607e+00
8.758141e+00
-8.806686e+00
8.861241e+00
-8.910938e+00
8.966565e+00
-9.017464e+00
9.074216e+00
-9.126371e+00
9.184304e+00
-9.237769e+00
9.296941e+00
-9.351774e+00
9.412246e+00
-9.468508e+00
9.530345e+00
-9.588099e+00
9.651367e+00
-9.710681e+00
9.775449e+00
-9.836393e+00
9.902737e+00
-9.965385e+00
1.003338e+01
-1.009781e+01
1.016754e+01
-1.023384e+01
1.030539e+01
-1.037363e+01
1.044709e+01
-1.051739e+01
1.059285e+01
-1.066529e+01
1.074286e+01
-1.081754e+01
1.089733e+01
-1.097436e+01
1.105648e+01
-1.113598e+01
1.122056e+01
-1.130265e+01
1.138980e+01
-1.147462e+01
1.156449e+01
-1.165217e+01
1.174490e+01
-1.183559e+01
1.193134e+01
-1.202520e+01
1.212413e+01
-1.222134e+01
1.232362e+01
-1.242436e+01
1.253019e+01
-1.263464e+01
1.274422e+01
-1.285261e+01
1.296615e+01
-1.307869e+01
1.319644e+01
-1.331337e+01
1.343557e+01
-1.355716e+01
1.368409e+01
-1.381061e+01
1.394256e+01
-1.407432e+01
1.421160e+01
-1.434894e+01
1.449189e+01
-1.463515e+01
1.478416e+01
-1.493373e+01
1.508919e+01
-1.524550e+01
1.540785e+01
-1.557135e+01
1.574108e+01
-1.591228e+01
1.608990e+01
-1.626934e+01
1.645544e+01
-1.664372e+01
1.683893e+01
-1.703672e+01
1.724173e+01
-1.744975e+01
1.766532e+01
-1.788439e+01
1.811137e+01
-1.834237e+01
1.858171e+01
-1.882562e+01
1.907835e+01
-1.933629e+01
1.960358e+01
-1.987677e+01
2.015992e+01
-2.044974e+01
2.075021e+01
-2.105820e+01
2.137764e+01
-2.170555e+01
2.204581e+01
-2.239562e+01
2.275880e+01
-2.313276e+01
2.352127e+01
-2.392193e+01
2.433851e+01
-2.476883e+01
2.521663e+01
-2.567998e+01
2.616266e+01
-2.666297e+01
2.718475e+01
-2.772660e+01
2.829242e+01
-2.888116e+01
2.949685e+01
-3.013879e+01
3.081122e+01
-3.151388e+01
3.225126e+01
-3.302363e+01
3.383583e+01
-3.468876e+01
3.558775e+01
-3.653447e+01
3.753492e+01
-3.859174e+01
3.971181e+01
-4.089903e+01
4.216150e+01
-4.350474e+01
4.493854e+01
-4.647062e+01
4.811311e+01
-4.987672e+01
5.177694e+01
-5.382870e+01
5.605235e+01
-5.846896e+01
6.110615e+01
-6.399417e+01
6.717185e+01
-7.068379e+01
7.458678e+01
-7.894880e+01
8.385689e+01
-8.941935e+01
9.577727e+01
-1.031134e+02
1.116731e+02
-1.217892e+02
1.339295e+02
-1.487680e+02
1.673171e+02
-1.911666e+02
2.229671e+02
-2.674888e+02
3.342729e+02
-4.455816e+02
6.682021e+02
-1.336069e+03
