6.224632e+00
6.223492e+00
6.221592e+00
6.218934e+00
6.215517e+00
6.211344e+00
6.206416e+00
6.200734e+00
6.194301e+00
6.187120e+00
6.179191e+00
6.170520e+00
6.161108e+00
6.150959e+00
6.140076e+00
6.128465e+00
6.116128e+00
6.103070e+00
6.089296e+00
6.074812e+00
6.059621e+00
6.043729e+00
6.027143e+00
6.009868e+00
5.991910e+00
5.973276e+00
5.953972e+00
5.934005e+00
5.913382e+00
5.892110e+00
5.870197e+00
5.847650e+00
5.824478e+00
5.800688e+00
5.776289e+00
5.751288e+00
5.725696e+00
5.699520e+00
5.672769e+00
5.645453e+00
5.617581e+00
5.589163e+00
5.560207e+00
5.530725e+00
5.500725e+00
5.470218e+00
5.439214e+00
5.407723e+00
5.375755e+00
5.343322e+00
5.310434e+00
5.277101e+00
5.243334e+00
5.209145e+00
5.174544e+00
5.139543e+00
5.104152e+00
5.068383e+00
5.032247e+00
4.995755e+00
4.958920e+00
4.921751e+00
4.884261e+00
4.846461e+00
4.808363e+00
4.769978e+00
4.731318e+00
4.692395e+00
4.653219e+00
4.613803e+00
4.574158e+00
4.534295e+00
4.494227e+00
4.453964e+00
4.413518e+00
4.372901e+00
4.332124e+00
4.291198e+00
4.250135e+00
4.208946e+00
4.167642e+00
4.126233e+00
4.084732e+00
4.043149e+00
4.001496e+00
3.959782e+00
3.918018e+00
3.876216e+00
3.834386e+00
3.792538e+00
3.750682e+00
3.708829e+00
3.666989e+00
3.625171e+00
3.583387e+00
3.541645e+00
3.499955e+00
3.458326e+00
3.416769e+00
3.375291e+00
3.333903e+00
3.292613e+00
3.251430e+00
3.210363e+00
3.169420e+00
3.128609e+00
3.087939e+00
3.047418e+00
3.007054e+00
2.966854e+00
2.926826e+00
2.886978e+00
2.847316e+00
2.807848e+00
2.768581e+00
2.729521e+00
2.690675e+00
2.652050e+00
2.613651e+00
2.575485e+00
2.537558e+00
2.499875e+00
2.462442e+00
2.425265e+00
2.388348e+00
2.351697e+00
2.315316e+00
2.279211e+00
2.243385e+00
2.207844e+00
2.172591e+00
2.137630e+00
2.102966e+00
2.068601e+00
2.034540e+00
2.000786e+00
1.967342e+00
1.934210e+00
1.901395e+00
1.868898e+00
1.836723e+00
1.804871e+00
1.773345e+00
1.742147e+00
1.711278e+00
1.680741e+00
1.650537e+00
1.620668e+00
1.591135e+00
1.561939e+00
1.533081e+00
1.504562e+00
1.476383e+00
1.448544e+00
1.421046e+00
1.393890e+00
1.367075e+00
1.340602e+00
1.314470e+00
1.288679e+00
1.263230e+00
1.238121e+00
1.213353e+00
1.188924e+00
1.164835e+00
1.141083e+00
1.117668e+00
1.094589e+00
1.071845e+00
1.049435e+00
1.027357e+00
1.005610e+00
9.841926e-01
9.631027e-01
9.423387e-01
9.218990e-01
9.017817e-01
8.819848e-01
8.625063e-01
8.433441e-01
8.244962e-01
8.059602e-01
7.877338e-01
7.698148e-01
7.522006e-01
7.348889e-01
7.178771e-01
7.011627e-01
6.847429e-01
6.686152e-01
6.527768e-01
6.372249e-01
6.219568e-01
6.069696e-01
5.922604e-01
5.778263e-01
5.636644e-01
5.497717e-01
5.361451e-01
5.227818e-01
5.096785e-01
4.968323e-01
4.842401e-01
4.718987e-01
4.598050e-01
4.479559e-01
4.363483e-01
4.249789e-01
4.138446e-01
4.029422e-01
3.922686e-01
3.818206e-01
3.715950e-01
3.615885e-01
3.517981e-01
3.422205e-01
3.328525e-01
3.236911e-01
3.147330e-01
3.059750e-01
2.974141e-01
2.890471e-01
2.808709e-01
2.728823e-01
2.650783e-01
2.574559e-01
2.500118e-01
2.427432e-01
2.356469e-01
2.287200e-01
2.219595e-01
2.153624e-01
2.089258e-01
2.026467e-01
1.965224e-01
1.905498e-01
1.847262e-01
1.790488e-01
1.735148e-01
1.681213e-01
1.628657e-01
1.577452e-01
1.527573e-01
1.478991e-01
1.431682e-01
1.385619e-01
1.340777e-01
1.297130e-01
1.254654e-01
1.213323e-01
1.173113e-01
1.134002e-01
1.095963e-01
1.058976e-01
1.023015e-01
9.880591e-02
9.540854e-02
9.210717e-02
8.889965e-02
8.578382e-02
8.275758e-02
7.981885e-02
7.696559e-02
7.419579e-02
7.150748e-02
6.889871e-02
6.636756e-02
6.391217e-02
6.153067e-02
5.922127e-02
5.698217e-02
5.481162e-02
5.270792e-02
5.066936e-02
4.869429e-02
4.678110e-02
4.492817e-02
4.313396e-02
4.139693e-02
3.971558e-02
3.808843e-02
3.651403e-02
3.499099e-02
3.351790e-02
3.209342e-02
3.071621e-02
2.938498e-02
2.809846e-02
2.685539e-02
2.565457e-02
2.449479e-02
2.337491e-02
2.229376e-02
2.125026e-02
2.024329e-02
1.927182e-02
1.833478e-02
1.743118e-02
1.656002e-02
1.572034e-02
1.491118e-02
1.413164e-02
1.338081e-02
1.265781e-02
1.196180e-02
1.129194e-02
1.064741e-02
1.002742e-02
9.431211e-03
8.858021e-03
8.307120e-03
7.777793e-03
7.269348e-03
6.781108e-03
6.312415e-03
5.862629e-03
5.431125e-03
5.017300e-03
4.620562e-03
4.240339e-03
3.876073e-03
3.527223e-03
3.193262e-03
2.873679e-03
2.567978e-03
2.275675e-03
1.996302e-03
1.729404e-03
1.474540e-03
1.231281e-03
9.992107e-04
7.779268e-04
5.670377e-04
3.661641e-04
1.749383e-04
-6.996364e-06
-1.799852e-04
-3.443629e-04
-5.004538e-04
-6.485718e-04
-7.890211e-04
-9.220961e-04
-1.048082e-03
-1.167254e-03
-1.279879e-03
-1.386216e-03
-1.486513e-03
-1.581013e-03
-1.669948e-03
-1.753544e-03
-1.832020e-03
-1.905585e-03
-1.974443e-03
-2.038790e-03
-2.098817e-03
-2.154705e-03
-2.206632e-03
-2.254768e-03
-2.299278e-03
-2.340319e-03
-2.378046e-03
-2.412605e-03
-2.444138e-03
-2.472782e-03
-2.498670e-03
-2.521928e-03
-2.542678e-03
-2.561038e-03
-2.577122e-03
-2.591038e-03
-2.602891e-03
-2.612782e-03
-2.620809e-03
-2.627063e-03
-2.631636e-03
-2.634612e-03
-2.636075e-03
-2.636104e-03
-2.634774e-03
-2.632160e-03
-2.628331e-03
-2.623355e-03
-2.617296e-03
-2.610215e-03
-2.602173e-03
-2.593226e-03
-2.583428e-03
-2.572831e-03
-2.561485e-03
-2.549438e-03
-2.536736e-03
-2.523421e-03
-2.509536e-03
-2.495121e-03
-2.480213e-03
-2.464848e-03
-2.449062e-03
-2.432888e-03
-2.416356e-03
-2.399497e-03
-2.382339e-03
-2.364911e-03
-2.347237e-03
-2.329342e-03
-2.311250e-03
-2.292984e-03
-2.274564e-03
-2.256010e-03
-2.237341e-03
-2.218577e-03
-2.199733e-03
-2.180826e-03
-2.161871e-03
-2.142883e-03
-2.123876e-03
-2.104863e-03
-2.085856e-03
-2.066866e-03
-2.047904e-03
-2.028981e-03
-2.010107e-03
-1.991289e-03
-1.972537e-03
-1.953859e-03
-1.935262e-03
-1.916753e-03
-1.898338e-03
-1.880025e-03
-1.861817e-03
-1.843720e-03
-1.825740e-03
-1.807881e-03
-1.790146e-03
-1.772540e-03
-1.755066e-03
-1.737727e-03
-1.720526e-03
-1.703466e-03
-1.686548e-03
-1.669776e-03
-1.653151e-03
-1.636675e-03
-1.620349e-03
-1.604174e-03
-1.588151e-03
-1.572282e-03
-1.556567e-03
-1.541007e-03
-1.525602e-03
-1.510352e-03
-1.495257e-03
-1.480318e-03
-1.465535e-03
-1.450907e-03
-1.436433e-03
-1.422115e-03
-1.407950e-03
-1.393939e-03
-1.380080e-03
-1.366374e-03
-1.352819e-03
-1.339415e-03
-1.326160e-03
-1.313054e-03
-1.300096e-03
-1.287284e-03
-1.274617e-03
-1.262095e-03
-1.249716e-03
-1.237479e-03
-1.225383e-03
-1.213426e-03
-1.201608e-03
-1.189926e-03
-1.178380e-03
-1.166968e-03
-1.155688e-03
-1.144541e-03
-1.133523e-03
-1.122634e-03
-1.111872e-03
-1.101236e-03
-1.090725e-03
-1.080337e-03
-1.070071e-03
-1.059924e-03
-1.049897e-03
-1.039987e-03
-1.030193e-03
-1.020514e-03
-1.010949e-03
-1.001495e-03
-9.921513e-04
-9.829171e-04
-9.737907e-04
-9.647708e-04
-9.558559e-04
-9.470449e-04
-9.383363e-04
-9.297289e-04
-9.212214e-04
-9.128124e-04
-9.045007e-04
-8.962850e-04
-8.881641e-04
-8.801368e-04
-8.722017e-04
-8.643578e-04
-8.566038e-04
-8.489385e-04
-8.413608e-04
-8.338694e-04
-8.264634e-04
-8.191414e-04
-8.119025e-04
-8.047454e-04
-7.976692e-04
-7.906727e-04
-7.837550e-04
-7.769148e-04
-7.701513e-04
-7.634633e-04
-7.568499e-04
-7.503101e-04
-7.438430e-04
-7.374474e-04
-7.311226e-04
-7.248675e-04
-7.186812e-04
-7.125629e-04
-7.065115e-04
-7.005263e-04
-6.946064e-04
-6.887508e-04
-6.829588e-04
-6.772295e-04
-6.715621e-04
-6.659557e-04
-6.604096e-04
-6.549230e-04
-6.494950e-04
-6.441250e-04
-6.388122e-04
-6.335558e-04
-6.283551e-04
-6.232094e-04
-6.181179e-04
-6.130800e-04
-6.080949e-04
-6.031620e-04
-5.982807e-04
-5.934502e-04
-5.886699e-04
-5.839391e-04
-5.792573e-04
-5.746238e-04
-5.700380e-04
-5.654992e-04
-5.610070e-04
-5.565606e-04
-5.521596e-04
-5.478033e-04
-5.434912e-04
-5.392228e-04
-5.349974e-04
-5.308147e-04
-5.266739e-04
-5.225746e-04
-5.185164e-04
-5.144986e-04
-5.105208e-04
-5.065825e-04
-5.026833e-04
-4.988225e-04
-4.949999e-04
-4.912148e-04
-4.874669e-04
-4.837556e-04
-4.800807e-04
-4.764415e-04
-4.728377e-04
-4.692689e-04
-4.657346e-04
-4.622345e-04
-4.587680e-04
-4.553349e-04
-4.519347e-04
-4.485671e-04
-4.452315e-04
-4.419278e-04
-4.386555e-04
-4.354141e-04
-4.322035e-04
-4.290232e-04
-4.258728e-04
-4.227520e-04
-4.196605e-04
-4.165979e-04
-4.135639e-04
-4.105582e-04
-4.075804e-04
-4.046302e-04
-4.017073e-04
-3.988115e-04
-3.959423e-04
-3.930995e-04
-3.902827e-04
-3.874918e-04
-3.847263e-04
-3.819861e-04
-3.792708e-04
-3.765801e-04
-3.739139e-04
-3.712717e-04
-3.686533e-04
-3.660586e-04
-3.634871e-04
-3.609387e-04
-3.584130e-04
-3.559100e-04
-3.534292e-04
-3.509705e-04
-3.485336e-04
-3.461182e-04
-3.437242e-04
-3.413513e-04
-3.389993e-04
-3.366680e-04
-3.343571e-04
-3.320664e-04
-3.297957e-04
-3.275447e-04
-3.253134e-04
-3.231014e-04
-3.209086e-04
-3.187347e-04
-3.165795e-04
-3.144430e-04
-3.123247e-04
-3.102247e-04
-3.081426e-04
-3.060783e-04
-3.040316e-04
-3.020023e-04
-2.999902e-04
-2.979952e-04
-2.960171e-04
-2.940557e-04
-2.921108e-04
-2.901822e-04
-2.882699e-04
-2.863735e-04
-2.844931e-04
-2.826283e-04
-2.807790e-04
-2.789452e-04
-2.771265e-04
-2.753230e-04
-2.735343e-04
-2.717604e-04
-2.700011e-04
-2.682563e-04
-2.665258e-04
-2.648095e-04
-2.631072e-04
-2.614188e-04
-2.597442e-04
-2.580832e-04
-2.564357e-04
-2.548015e-04
-2.531806e-04
-2.515727e-04
-2.499778e-04
-2.483957e-04
-2.468264e-04
-2.452696e-04
-2.437253e-04
-2.421933e-04
-2.406735e-04
-2.391658e-04
-2.376701e-04
-2.361863e-04
-2.347142e-04
-2.332537e-04
-2.318048e-04
-2.303673e-04
-2.289411e-04
-2.275261e-04
-2.261221e-04
-2.247292e-04
-2.233471e-04
-2.219758e-04
-2.206151e-04
-2.192651e-04
-2.179255e-04
-2.165962e-04
-2.152773e-04
-2.139685e-04
-2.126698e-04
-2.113811e-04
-2.101023e-04
-2.088332e-04
-2.075739e-04
-2.063242e-04
-2.050840e-04
-2.038533e-04
-2.026319e-04
-2.014198e-04
-2.002169e-04
-1.990230e-04
-1.978382e-04
-1.966623e-04
-1.954952e-04
-1.943369e-04
-1.931873e-04
-1.920463e-04
-1.909138e-04
-1.897898e-04
-1.886742e-04
-1.875668e-04
-1.864677e-04
-1.853767e-04
-1.842938e-04
-1.832189e-04
-1.821519e-04
-1.810928e-04
-1.800415e-04
-1.789979e-04
-1.779619e-04
-1.769335e-04
-1.759127e-04
-1.748992e-04
-1.738932e-04
-1.728945e-04
-1.719030e-04
-1.709187e-04
-1.699416e-04
-1.689715e-04
-1.680084e-04
-1.670522e-04
-1.661029e-04
-1.651605e-04
-1.642248e-04
-1.632958e-04
-1.623734e-04
-1.614576e-04
-1.605484e-04
-1.596456e-04
-1.587492e-04
-1.578592e-04
-1.569755e-04
-1.560980e-04
-1.552267e-04
-1.543616e-04
-1.535026e-04
-1.526496e-04
-1.518026e-04
-1.509615e-04
-1.501263e-04
-1.492969e-04
-1.484733e-04
-1.476555e-04
-1.468434e-04
-1.460368e-04
-1.452359e-04
-1.444406e-04
-1.436507e-04
-1.428663e-04
-1.420872e-04
-1.413136e-04
-1.405452e-04
-1.397822e-04
-1.390243e-04
-1.382717e-04
-1.375242e-04
-1.367818e-04
-1.360444e-04
-1.353121e-04
-1.345847e-04
-1.338623e-04
-1.331447e-04
-1.324321e-04
-1.317242e-04
-1.310211e-04
-1.303227e-04
-1.296290e-04
-1.289400e-04
-1.282556e-04
-1.275758e-04
-1.269005e-04
-1.262298e-04
-1.255635e-04
-1.249016e-04
-1.242442e-04
-1.235911e-04
-1.229423e-04
-1.222978e-04
-1.216576e-04
-1.210217e-04
-1.203899e-04
-1.197622e-04
-1.191387e-04
-1.185193e-04
-1.179039e-04
-1.172926e-04
-1.166853e-04
-1.160819e-04
-1.154824e-04
-1.148869e-04
-1.142952e-04
-1.137074e-04
-1.131234e-04
-1.125432e-04
-1.119667e-04
-1.113939e-04
-1.108248e-04
-1.102594e-04
-1.096976e-04
-1.091395e-04
-1.085849e-04
-1.080338e-04
-1.074863e-04
-1.069423e-04
-1.064017e-04
-1.058646e-04
-1.053309e-04
-1.048006e-04
-1.042736e-04
-1.037500e-04
-1.032297e-04
-1.027127e-04
-1.021990e-04
-1.016884e-04
-1.011811e-04
-1.006770e-04
-1.001761e-04
-9.967826e-05
-9.918356e-05
-9.869195e-05
-9.820340e-05
-9.771791e-05
-9.723543e-05
-9.675596e-05
-9.627946e-05
-9.580591e-05
-9.533530e-05
-9.486760e-05
-9.440278e-05
-9.394083e-05
-9.348173e-05
-9.302545e-05
-9.257197e-05
-9.212128e-05
-9.167335e-05
-9.122816e-05
-9.078569e-05
-9.034592e-05
-8.990883e-05
-8.947440e-05
-8.904261e-05
-8.861345e-05
-8.818689e-05
-8.776291e-05
-8.734150e-05
-8.692263e-05
-8.650629e-05
-8.609246e-05
-8.568112e-05
-8.527225e-05
-8.486583e-05
-8.446186e-05
-8.406030e-05
-8.366114e-05
-8.326437e-05
-8.286996e-05
-8.247791e-05
-8.208819e-05
-8.170078e-05
-8.131567e-05
-8.093285e-05
-8.055229e-05
-8.017398e-05
-7.979791e-05
-7.942406e-05
-7.905240e-05
-7.868294e-05
-7.831564e-05
-7.795051e-05
-7.758751e-05
-7.722664e-05
-7.686788e-05
-7.651121e-05
-7.615662e-05
-7.580411e-05
-7.545364e-05
-7.510521e-05
-7.475880e-05
-7.441440e-05
-7.407199e-05
-7.373157e-05
-7.339311e-05
-7.305661e-05
-7.272204e-05
-7.238940e-05
-7.205867e-05
-7.172984e-05
-7.140290e-05
-7.107783e-05
-7.075462e-05
-7.043326e-05
-7.011373e-05
-6.979602e-05
-6.948012e-05
-6.916602e-05
-6.885371e-05
-6.854316e-05
-6.823438e-05
-6.792734e-05
-6.762204e-05
-6.731846e-05
-6.701660e-05
-6.671643e-05
-6.641796e-05
-6.612116e-05
-6.582603e-05
-6.553256e-05
-6.524072e-05
-6.495052e-05
-6.466194e-05
-6.437498e-05
-6.408961e-05
-6.380583e-05
-6.352363e-05
-6.324300e-05
-6.296392e-05
-6.268639e-05
-6.241040e-05
-6.213593e-05
-6.186298e-05
-6.159154e-05
-6.132159e-05
-6.105313e-05
-6.078614e-05
-6.052062e-05
-6.025655e-05
-5.999393e-05
-5.973275e-05
-5.947300e-05
-5.921467e-05
-5.895774e-05
-5.870222e-05
-5.844808e-05
-5.819533e-05
-5.794394e-05
-5.769393e-05
-5.744526e-05
-5.719794e-05
-5.695196e-05
-5.670731e-05
-5.646397e-05
-5.622195e-05
-5.598123e-05
-5.574180e-05
-5.550366e-05
-5.526679e-05
-5.503120e-05
-5.479686e-05
-5.456378e-05
-5.433194e-05
-5.410134e-05
-5.387196e-05
-5.364381e-05
-5.341687e-05
-5.319113e-05
-5.296659e-05
-5.274324e-05
-5.252107e-05
-5.230008e-05
-5.208025e-05
-5.186159e-05
-5.164407e-05
-5.142770e-05
-5.121247e-05
-5.099837e-05
-5.078539e-05
-5.057352e-05
-5.036277e-05
-5.015312e-05
-4.994456e-05
-4.973709e-05
-4.953070e-05
-4.932539e-05
-4.912114e-05
-4.891796e-05
-4.871582e-05
-4.851474e-05
-4.831470e-05
-4.811569e-05
-4.791771e-05
-4.772075e-05
-4.752481e-05
-4.732988e-05
-4.713595e-05
-4.694302e-05
-4.675107e-05
-4.656011e-05
-4.637013e-05
-4.618113e-05
-4.599308e-05
-4.580600e-05
-4.561987e-05
-4.543469e-05
-4.525046e-05
-4.506716e-05
-4.488479e-05
-4.470335e-05
-4.452282e-05
-4.434321e-05
-4.416451e-05
-4.398672e-05
-4.380981e-05
-4.363381e-05
-4.345868e-05
-4.328444e-05
-4.311108e-05
-4.293858e-05
-4.276696e-05
-4.259619e-05
-4.242627e-05
-4.225721e-05
-4.208899e-05
-4.192161e-05
-4.175506e-05
-4.158934e-05
-4.142445e-05
-4.126038e-05
-4.109712e-05
-4.093467e-05
-4.077303e-05
-4.061219e-05
-4.045214e-05
-4.029288e-05
-4.013441e-05
-3.997672e-05
-3.981980e-05
-3.966366e-05
-3.950828e-05
-3.935367e-05
-3.919982e-05
-3.904672e-05
-3.889437e-05
-3.874276e-05
-3.859189e-05
-3.844177e-05
-3.829237e-05
-3.814370e-05
-3.799575e-05
-3.784852e-05
-3.770201e-05
-3.755621e-05
-3.741111e-05
-3.726672e-05
-3.712302e-05
-3.698002e-05
-3.683771e-05
-3.669608e-05
-3.655514e-05
-3.641487e-05
-3.627528e-05
-3.613636e-05
-3.599811e-05
-3.586052e-05
-3.572359e-05
-3.558731e-05
-3.545168e-05
-3.531670e-05
-3.518237e-05
-3.504867e-05
-3.491561e-05
-3.478319e-05
-3.465139e-05
-3.452022e-05
-3.438967e-05
-3.425974e-05
-3.413042e-05
-3.400171e-05
-3.387361e-05
-3.374612e-05
-3.361923e-05
-3.349293e-05
-3.336723e-05
-3.324212e-05
-3.311760e-05
-3.299366e-05
-3.287030e-05
-3.274752e-05
-3.262532e-05
-3.250368e-05
-3.238261e-05
-3.226211e-05
-3.214217e-05
-3.202279e-05
-3.190396e-05
-3.178568e-05
-3.166795e-05
-3.155077e-05
-3.143414e-05
-3.131804e-05
-3.120247e-05
-3.108745e-05
-3.097295e-05
-3.085898e-05
-3.074554e-05
-3.063261e-05
-3.052021e-05
-3.040832e-05
-3.029695e-05
-3.018609e-05
-3.007573e-05
-2.996588e-05
-2.985653e-05
-2.974768e-05
-2.963933e-05
-2.953147e-05
-2.942410e-05
-2.931723e-05
-2.921083e-05
-2.910492e-05
-2.899949e-05
-2.889454e-05
-2.879007e-05
-2.868606e-05
-2.858253e-05
-2.847946e-05
-2.837686e-05
-2.827473e-05
-2.817305e-05
-2.807183e-05
-2.797106e-05
-2.787075e-05
-2.777088e-05
-2.767147e-05
-2.757250e-05
-2.747397e-05
-2.737588e-05
-2.727824e-05
-2.718102e-05
-2.708424e-05
-2.698789e-05
-2.689197e-05
-2.679648e-05
-2.670141e-05
-2.660676e-05
-2.651254e-05
-2.641872e-05
-2.632533e-05
-2.623235e-05
-2.613978e-05
-2.604761e-05
-2.595586e-05
-2.586450e-05
-2.577355e-05
-2.568300e-05
-2.559285e-05
-2.550309e-05
-2.541373e-05
-2.532476e-05
-2.523618e-05
-2.514798e-05
-2.506017e-05
-2.497275e-05
-2.488570e-05
-2.479904e-05
-2.471275e-05
-2.462684e-05
-2.454130e-05
-2.445613e-05
-2.437133e-05
-2.428690e-05
-2.420284e-05
-2.411914e-05
-2.403580e-05
-2.395282e-05
-2.387020e-05
-2.378793e-05
-2.370602e-05
-2.362447e-05
-2.354326e-05
-2.346240e-05
-2.338189e-05
-2.330173e-05
-2.322190e-05
-2.314242e-05
-2.306328e-05
-2.298448e-05
-2.290602e-05
-2.282788e-05
-2.275009e-05
-2.267262e-05
-2.259548e-05
-2.251868e-05
-2.244219e-05
-2.236604e-05
-2.229020e-05
-2.221469e-05
-2.213949e-05
-2.206462e-05
-2.199006e-05
-2.191581e-05
-2.184188e-05
-2.176826e-05
-2.169495e-05
-2.162195e-05
-2.154926e-05
-2.147687e-05
-2.140478e-05
-2.133300e-05
-2.126152e-05
-2.119034e-05
-2.111945e-05
-2.104886e-05
-2.097857e-05
-2.090857e-05
-2.083886e-05
-2.076944e-05
-2.070031e-05
-2.063147e-05
-2.056291e-05
-2.049464e-05
-2.042665e-05
-2.035894e-05
-2.029152e-05
-2.022437e-05
-2.015750e-05
-2.009090e-05
-2.002458e-05
-1.995854e-05
-1.989276e-05
-1.982726e-05
-1.976203e-05
-1.969706e-05
-1.963236e-05
-1.956793e-05
-1.950376e-05
-1.943985e-05
-1.937620e-05
-1.931282e-05
-1.924969e-05
-1.918682e-05
-1.912421e-05
-1.906185e-05
-1.899975e-05
-1.893790e-05
-1.887630e-05
-1.881495e-05
-1.875385e-05
-1.869300e-05
-1.863239e-05
-1.857203e-05
-1.851191e-05
-1.845204e-05
-1.839241e-05
-1.833301e-05
-1.827386e-05
-1.821495e-05
-1.815627e-05
-1.809783e-05
-1.803962e-05
-1.798165e-05
-1.792391e-05
-1.786640e-05
-1.780912e-05
-1.775207e-05
-1.769525e-05
-1.763866e-05
-1.758229e-05
-1.752615e-05
-1.747023e-05
-1.741453e-05
-1.735905e-05
-1.730380e-05
-1.724876e-05
-1.719394e-05
-1.713934e-05
-1.708496e-05
-1.703079e-05
-1.697684e-05
-1.692310e-05
-1.686957e-05
-1.681625e-05
-1.676314e-05
-1.671025e-05
-1.665756e-05
-1.660507e-05
-1.655280e-05
-1.650073e-05
-1.644886e-05
-1.639720e-05
-1.634574e-05
-1.629448e-05
-1.624342e-05
-1.619256e-05
-1.614190e-05
-1.609143e-05
-1.604117e-05
-1.599110e-05
-1.594122e-05
-1.589154e-05
-1.584205e-05
-1.579275e-05
-1.574365e-05
-1.569474e-05
-1.564601e-05
-1.559747e-05
-1.554912e-05
-1.550096e-05
-1.545299e-05
-1.540520e-05
-1.535759e-05
-1.531017e-05
-1.526293e-05
-1.521587e-05
-1.516899e-05
-1.512229e-05
-1.507577e-05
-1.502943e-05
-1.498327e-05
-1.493728e-05
-1.489147e-05
-1.484584e-05
-1.480038e-05
-1.475509e-05
-1.470998e-05
-1.466504e-05
-1.462026e-05
-1.457566e-05
-1.453123e-05
-1.448697e-05
-1.444287e-05
-1.439895e-05
-1.435519e-05
-1.431159e-05
-1.426816e-05
-1.422490e-05
-1.418179e-05
-1.413885e-05
-1.409608e-05
-1.405346e-05
-1.401100e-05
-1.396871e-05
-1.392657e-05
-1.388459e-05
-1.384277e-05
-1.380111e-05
-1.375960e-05
-1.371825e-05
-1.367705e-05
-1.363601e-05
-1.359512e-05
-1.355438e-05
-1.351379e-05
-1.347336e-05
-1.343308e-05
-1.339294e-05
-1.335296e-05
-1.331313e-05
-1.327344e-05
-1.323390e-05
-1.319451e-05
-1.315526e-05
-1.311616e-05
-1.307720e-05
-1.303839e-05
-1.299972e-05
-1.296119e-05
-1.292281e-05
-1.288456e-05
-1.284646e-05
-1.280850e-05
-1.277068e-05
-1.273300e-05
-1.269545e-05
-1.265805e-05
-1.262078e-05
-1.258364e-05
-1.254665e-05
-1.250979e-05
-1.247306e-05
-1.243647e-05
-1.240001e-05
-1.236368e-05
-1.232749e-05
-1.229143e-05
-1.225550e-05
-1.221970e-05
-1.218403e-05
-1.214849e-05
-1.211308e-05
-1.207780e-05
-1.204264e-05
-1.200762e-05
-1.197272e-05
-1.193794e-05
-1.190329e-05
-1.186877e-05
-1.183437e-05
-1.180010e-05
-1.176595e-05
-1.173192e-05
-1.169801e-05
-1.166423e-05
-1.163057e-05
-1.159703e-05
-1.156360e-05
-1.153030e-05
-1.149712e-05
-1.146406e-05
-1.143111e-05
-1.139829e-05
-1.136558e-05
-1.133298e-05
-1.130051e-05
-1.126815e-05
-1.123590e-05
-1.120377e-05
-1.117175e-05
-1.113985e-05
-1.110806e-05
-1.107638e-05
-1.104482e-05
-1.101337e-05
-1.098202e-05
-1.095079e-05
-1.091967e-05
-1.088866e-05
-1.085776e-05
-1.082697e-05
-1.079629e-05
-1.076571e-05
-1.073525e-05
-1.070489e-05
-1.067463e-05
-1.064449e-05
-1.061444e-05
-1.058451e-05
-1.055468e-05
-1.052495e-05
-1.049533e-05
-1.046581e-05
-1.043640e-05
-1.040708e-05
-1.037787e-05
-1.034876e-05
-1.031976e-05
-1.029085e-05
-1.026205e-05
-1.023334e-05
-1.020473e-05
-1.017623e-05
-1.014782e-05
-1.011951e-05
-1.009130e-05
-1.006319e-05
-1.003517e-05
-1.000726e-05
-9.979434e-06
-9.951708e-06
-9.924078e-06
-9.896543e-06
-9.869102e-06
-9.841757e-06
-9.814505e-06
-9.787348e-06
-9.760283e-06
-9.733312e-06
-9.706433e-06
-9.679646e-06
-9.652951e-06
-9.626348e-06
-9.599836e-06
-9.573414e-06
-9.547082e-06
-9.520841e-06
-9.494689e-06
-9.468626e-06
-9.442652e-06
-9.416767e-06
-9.390969e-06
-9.365260e-06
-9.339638e-06
-9.314102e-06
-9.288654e-06
-9.263292e-06
-9.238015e-06
-9.212825e-06
-9.187719e-06
-9.162699e-06
-9.137763e-06
-9.112911e-06
-9.088143e-06
-9.063459e-06
-9.038858e-06
-9.014340e-06
-8.989904e-06
-8.965551e-06
-8.941279e-06
-8.917089e-06
-8.892980e-06
-8.868952e-06
-8.845005e-06
-8.821138e-06
-8.797351e-06
-8.773643e-06
-8.750014e-06
-8.726465e-06
-8.702994e-06
-8.679601e-06
-8.656287e-06
-8.633050e-06
-8.609890e-06
-8.586808e-06
-8.563802e-06
-8.540873e-06
-8.518020e-06
-8.495243e-06
-8.472541e-06
-8.449914e-06
-8.427363e-06
-8.404886e-06
-8.382483e-06
-8.360154e-06
-8.337900e-06
-8.315718e-06
-8.293610e-06
-8.271575e-06
-8.249612e-06
-8.227721e-06
-8.205903e-06
-8.184156e-06
-8.162481e-06
-8.140877e-06
-8.119343e-06
-8.097881e-06
-8.076488e-06
-8.055166e-06
-8.033913e-06
-8.012730e-06
-7.991616e-06
-7.970571e-06
-7.949595e-06
-7.928687e-06
-7.907848e-06
-7.887076e-06
-7.866372e-06
-7.845735e-06
-7.825165e-06
-7.804662e-06
-7.784225e-06
-7.763855e-06
-7.743551e-06
-7.723313e-06
-7.703140e-06
-7.683032e-06
-7.662990e-06
-7.643012e-06
-7.623099e-06
-7.603250e-06
-7.583465e-06
-7.563743e-06
-7.544086e-06
-7.524491e-06
-7.504959e-06
-7.485491e-06
-7.466085e-06
-7.446741e-06
-7.427459e-06
-7.408239e-06
-7.389080e-06
-7.369983e-06
-7.350947e-06
-7.331972e-06
-7.313058e-06
-7.294203e-06
-7.275409e-06
-7.256675e-06
-7.238001e-06
-7.219386e-06
-7.200831e-06
-7.182334e-06
-7.163896e-06
-7.145517e-06
-7.127196e-06
-7.108933e-06
-7.090728e-06
-7.072581e-06
-7.054492e-06
-7.036459e-06
-7.018484e-06
-7.000565e-06
-6.982703e-06
-6.964897e-06
-6.947148e-06
-6.929454e-06
-6.911816e-06
-6.894234e-06
-6.876707e-06
-6.859235e-06
-6.841818e-06
-6.824456e-06
-6.807148e-06
-6.789895e-06
-6.772695e-06
-6.755550e-06
-6.738458e-06
-6.721419e-06
-6.704434e-06
-6.687502e-06
-6.670622e-06
-6.653796e-06
-6.637022e-06
-6.620300e-06
-6.603630e-06
-6.587012e-06
-6.570446e-06
-6.553931e-06
-6.537468e-06
-6.521055e-06
-6.504694e-06
-6.488383e-06
-6.472123e-06
-6.455913e-06
-6.439754e-06
-6.423644e-06
-6.407584e-06
-6.391574e-06
-6.375613e-06
-6.359701e-06
-6.343839e-06
-6.328025e-06
-6.312260e-06
-6.296543e-06
-6.280875e-06
-6.265255e-06
-6.249683e-06
-6.234159e-06
-6.218682e-06
-6.203253e-06
-6.187871e-06
-6.172536e-06
-6.157248e-06
-6.142007e-06
-6.126812e-06
-6.111664e-06
-6.096562e-06
-6.081506e-06
-6.066496e-06
-6.051532e-06
-6.036613e-06
-6.021740e-06
-6.006912e-06
-5.992129e-06
-5.977391e-06
-5.962697e-06
-5.948048e-06
-5.933444e-06
-5.918884e-06
-5.904368e-06
-5.889895e-06
-5.875467e-06
-5.861082e-06
-5.846741e-06
-5.832443e-06
-5.818188e-06
-5.803976e-06
-5.789807e-06
-5.775680e-06
-5.761596e-06
-5.747554e-06
-5.733555e-06
-5.719598e-06
-5.705682e-06
-5.691808e-06
-5.677976e-06
-5.664185e-06
-5.650436e-06
-5.636728e-06
-5.623060e-06
-5.609434e-06
-5.595848e-06
-5.582303e-06
-5.568798e-06
-5.555334e-06
-5.541909e-06
-5.528525e-06
-5.515180e-06
-5.501875e-06
-5.488610e-06
-5.475384e-06
-5.462198e-06
-5.449050e-06
-5.435941e-06
-5.422872e-06
-5.409841e-06
-5.396848e-06
-5.383894e-06
-5.370979e-06
-5.358101e-06
-5.345262e-06
-5.332460e-06
-5.319696e-06
-5.306970e-06
-5.294281e-06
-5.281630e-06
-5.269016e-06
-5.256438e-06
-5.243898e-06
-5.231395e-06
-5.218928e-06
-5.206498e-06
-5.194105e-06
-5.181748e-06
-5.169426e-06
-5.157141e-06
-5.144892e-06
-5.132679e-06
-5.120501e-06
-5.108359e-06
-5.096253e-06
-5.084181e-06
-5.072145e-06
-5.060144e-06
-5.048178e-06
-5.036246e-06
-5.024350e-06
-5.012488e-06
-5.000660e-06
-4.988867e-06
-4.977108e-06
-4.965382e-06
-4.953691e-06
-4.942034e-06
-4.930411e-06
-4.918821e-06
-4.907264e-06
-4.895741e-06
-4.884252e-06
-4.872795e-06
-4.861371e-06
-4.849981e-06
-4.838623e-06
-4.827298e-06
-4.816005e-06
-4.804745e-06
-4.793517e-06
-4.782322e-06
-4.771158e-06
-4.760027e-06
-4.748927e-06
-4.737860e-06
-4.726824e-06
-4.715819e-06
-4.704846e-06
-4.693905e-06
-4.682994e-06
-4.672115e-06
-4.661267e-06
-4.650450e-06
-4.639663e-06
-4.628908e-06
-4.618183e-06
-4.607488e-06
-4.596824e-06
-4.586190e-06
-4.575586e-06
-4.565013e-06
-4.554469e-06
-4.543956e-06
-4.533472e-06
-4.523018e-06
-4.512593e-06
-4.502198e-06
-4.491832e-06
-4.481496e-06
-4.471188e-06
-4.460910e-06
-4.450661e-06
-4.440441e-06
-4.430249e-06
-4.420086e-06
-4.409952e-06
-4.399846e-06
-4.389769e-06
-4.379720e-06
-4.369699e-06
-4.359706e-06
-4.349742e-06
-4.339805e-06
-4.329896e-06
-4.320015e-06
-4.310161e-06
-4.300335e-06
-4.290537e-06
-4.280765e-06
-4.271021e-06
-4.261305e-06
-4.251615e-06
-4.241952e-06
-4.232317e-06
-4.222708e-06
-4.213125e-06
-4.203570e-06
-4.194041e-06
-4.184538e-06
-4.175062e-06
-4.165612e-06
-4.156189e-06
-4.146791e-06
-4.137419e-06
-4.128074e-06
-4.118754e-06
-4.109460e-06
-4.100192e-06
-4.090949e-06
-4.081732e-06
-4.072540e-06
-4.063373e-06
-4.054232e-06
-4.045116e-06
-4.036025e-06
-4.026959e-06
-4.017918e-06
-4.008902e-06
-3.999910e-06
-3.990943e-06
-3.982001e-06
-3.973084e-06
-3.964190e-06
-3.955321e-06
-3.946477e-06
-3.937656e-06
-3.928860e-06
-3.920088e-06
-3.911339e-06
-3.902615e-06
-3.893914e-06
-3.885237e-06
-3.876584e-06
-3.867954e-06
-3.859348e-06
-3.850765e-06
-3.842205e-06
-3.833669e-06
-3.825156e-06
-3.816666e-06
-3.808199e-06
-3.799755e-06
-3.791333e-06
-3.782935e-06
-3.774559e-06
-3.766206e-06
-3.757876e-06
-3.749568e-06
-3.741282e-06
-3.733019e-06
-3.724778e-06
-3.716560e-06
-3.708363e-06
-3.700189e-06
-3.692036e-06
-3.683906e-06
-3.675797e-06
-3.667710e-06
-3.659645e-06
-3.651602e-06
-3.643580e-06
-3.635579e-06
-3.627600e-06
-3.619643e-06
-3.611706e-06
-3.603791e-06
-3.595897e-06
-3.588024e-06
-3.580173e-06
-3.572342e-06
-3.564532e-06
-3.556743e-06
-3.548974e-06
-3.541226e-06
-3.533499e-06
-3.525793e-06
-3.518107e-06
-3.510441e-06
-3.502796e-06
-3.495171e-06
-3.487566e-06
-3.479982e-06
-3.472417e-06
-3.464873e-06
-3.457348e-06
-3.449844e-06
-3.442359e-06
-3.434894e-06
-3.427449e-06
-3.420023e-06
-3.412617e-06
-3.405231e-06
-3.397864e-06
-3.390516e-06
-3.383188e-06
-3.375879e-06
-3.368589e-06
-3.361319e-06
-3.354067e-06
-3.346835e-06
-3.339621e-06
-3.332427e-06
-3.325251e-06
-3.318094e-06
-3.310956e-06
-3.303837e-06
-3.296736e-06
-3.289654e-06
-3.282590e-06
-3.275545e-06
-3.268518e-06
-3.261509e-06
-3.254519e-06
-3.247547e-06
-3.240593e-06
-3.233657e-06
-3.226739e-06
-3.219839e-06
-3.212957e-06
-3.206093e-06
-3.199247e-06
-3.192419e-06
-3.185608e-06
-3.178815e-06
-3.172040e-06
-3.165282e-06
-3.158541e-06
-3.151818e-06
-3.145113e-06
-3.138425e-06
-3.131754e-06
-3.125100e-06
-3.118463e-06
-3.111844e-06
-3.105241e-06
-3.098656e-06
-3.092087e-06
-3.085536e-06
-3.079001e-06
-3.072483e-06
-3.065982e-06
-3.059497e-06
-3.053030e-06
-3.046578e-06
-3.040144e-06
-3.033725e-06
-3.027323e-06
-3.020938e-06
-3.014569e-06
-3.008216e-06
-3.001879e-06
-2.995559e-06
-2.989255e-06
-2.982967e-06
-2.976694e-06
-2.970438e-06
-2.964198e-06
-2.957974e-06
-2.951765e-06
-2.945572e-06
-2.939395e-06
-2.933234e-06
-2.927088e-06
-2.920958e-06
-2.914844e-06
-2.908745e-06
-2.902661e-06
-2.896593e-06
-2.890540e-06
-2.884503e-06
-2.878481e-06
-2.872474e-06
-2.866482e-06
-2.860505e-06
-2.854544e-06
-2.848597e-06
-2.842665e-06
-2.836749e-06
-2.830847e-06
-2.824960e-06
-2.819088e-06
-2.813231e-06
-2.807388e-06
-2.801560e-06
-2.795747e-06
-2.789948e-06
-2.784164e-06
-2.778394e-06
-2.772639e-06
-2.766898e-06
-2.761172e-06
-2.755460e-06
-2.749762e-06
-2.744078e-06
-2.738409e-06
-2.732753e-06
-2.727112e-06
-2.721485e-06
-2.715872e-06
-2.710273e-06
-2.704688e-06
-2.699116e-06
-2.693559e-06
-2.688015e-06
-2.682486e-06
-2.676970e-06
-2.671467e-06
-2.665978e-06
-2.660503e-06
-2.655042e-06
-2.649594e-06
-2.644159e-06
-2.638738e-06
-2.633330e-06
-2.627936e-06
-2.622555e-06
-2.617187e-06
-2.611832e-06
-2.606491e-06
-2.601163e-06
-2.595848e-06
-2.590546e-06
-2.585257e-06
-2.579981e-06
-2.574718e-06
-2.569469e-06
-2.564231e-06
-2.559007e-06
-2.553796e-06
-2.548597e-06
-2.543411e-06
-2.538238e-06
-2.533078e-06
-2.527930e-06
-2.522795e-06
-2.517672e-06
-2.512562e-06
-2.507464e-06
-2.502379e-06
-2.497306e-06
-2.492246e-06
-2.487197e-06
-2.482162e-06
-2.477138e-06
-2.472127e-06
-2.467128e-06
-2.462141e-06
-2.457166e-06
-2.452203e-06
-2.447252e-06
-2.442313e-06
-2.437387e-06
-2.432472e-06
-2.427569e-06
-2.422678e-06
-2.417799e-06
-2.412931e-06
-2.408076e-06
-2.403232e-06
-2.398400e-06
-2.393579e-06
-2.388770e-06
-2.383973e-06
-2.379187e-06
-2.374413e-06
-2.369650e-06
-2.364899e-06
-2.360159e-06
-2.355431e-06
-2.350714e-06
-2.346008e-06
-2.341314e-06
-2.336631e-06
-2.331959e-06
-2.327298e-06
-2.322649e-06
-2.318010e-06
-2.313383e-06
-2.308767e-06
-2.304162e-06
-2.299567e-06
-2.294984e-06
-2.290412e-06
-2.285851e-06
-2.281300e-06
-2.276761e-06
-2.272232e-06
-2.267714e-06
-2.263207e-06
-2.258710e-06
-2.254224e-06
-2.249749e-06
-2.245285e-06
-2.240831e-06
-2.236387e-06
-2.231955e-06
-2.227532e-06
-2.223120e-06
-2.218719e-06
-2.214328e-06
-2.209948e-06
-2.205577e-06
-2.201217e-06
-2.196868e-06
-2.192529e-06
-2.188200e-06
-2.183881e-06
-2.179572e-06
-2.175274e-06
-2.170985e-06
-2.166707e-06
-2.162439e-06
-2.158181e-06
-2.153933e-06
-2.149694e-06
-2.145466e-06
-2.141248e-06
-2.137040e-06
-2.132841e-06
-2.128653e-06
-2.124474e-06
-2.120305e-06
-2.116145e-06
-2.111996e-06
-2.107856e-06
-2.103726e-06
-2.099605e-06
-2.095494e-06
-2.091393e-06
-2.087301e-06
-2.083219e-06
-2.079146e-06
-2.075083e-06
-2.071030e-06
-2.066985e-06
-2.062950e-06
-2.058925e-06
-2.054909e-06
-2.050902e-06
-2.046904e-06
-2.042916e-06
-2.038937e-06
-2.034967e-06
-2.031007e-06
-2.027055e-06
-2.023113e-06
-2.019180e-06
-2.015256e-06
-2.011341e-06
-2.007435e-06
-2.003538e-06
-1.999650e-06
-1.995771e-06
-1.991901e-06
-1.988040e-06
-1.984188e-06
-1.980345e-06
-1.976510e-06
-1.972685e-06
-1.968868e-06
-1.965060e-06
-1.961260e-06
-1.957470e-06
-1.953688e-06
-1.949915e-06
-1.946150e-06
-1.942394e-06
-1.938647e-06
-1.934908e-06
-1.931178e-06
-1.927456e-06
-1.923743e-06
-1.920038e-06
-1.916342e-06
-1.912654e-06
-1.908975e-06
-1.905304e-06
-1.901641e-06
-1.897987e-06
-1.894341e-06
-1.890703e-06
-1.887074e-06
-1.883452e-06
-1.879840e-06
-1.876235e-06
-1.872638e-06
-1.869050e-06
-1.865470e-06
-1.861898e-06
-1.858334e-06
-1.854778e-06
-1.851230e-06
-1.847690e-06
-1.844158e-06
-1.840634e-06
-1.837118e-06
-1.833610e-06
-1.830110e-06
-1.826618e-06
-1.823134e-06
-1.819657e-06
-1.816189e-06
-1.812728e-06
-1.809275e-06
-1.805830e-06
-1.802392e-06
-1.798962e-06
-1.795540e-06
-1.792126e-06
-1.788719e-06
-1.785320e-06
-1.781929e-06
-1.778545e-06
-1.775169e-06
-1.771800e-06
-1.768439e-06
-1.765085e-06
-1.761739e-06
-1.758400e-06
-1.755069e-06
-1.751745e-06
-1.748429e-06
-1.745120e-06
-1.741819e-06
-1.738524e-06
-1.735237e-06
-1.731958e-06
-1.728686e-06
-1.725421e-06
-1.722163e-06
-1.718912e-06
-1.715669e-06
-1.712433e-06
-1.709204e-06
-1.705982e-06
-1.702768e-06
-1.699560e-06
-1.696360e-06
-1.693167e-06
-1.689980e-06
-1.686801e-06
-1.683629e-06
-1.680464e-06
-1.677306e-06
-1.674155e-06
-1.671011e-06
-1.667873e-06
-1.664743e-06
-1.661619e-06
-1.658503e-06
-1.655393e-06
-1.652290e-06
-1.649194e-06
-1.646105e-06
-1.643022e-06
-1.639947e-06
-1.636878e-06
-1.633815e-06
-1.630760e-06
-1.627711e-06
-1.624669e-06
-1.621634e-06
-1.618605e-06
-1.615583e-06
-1.612567e-06
-1.609558e-06
-1.606556e-06
-1.603560e-06
-1.600570e-06
-1.597588e-06
-1.594611e-06
-1.591641e-06
-1.588678e-06
-1.585721e-06
-1.582771e-06
-1.579827e-06
-1.576889e-06
-1.573958e-06
-1.571033e-06
-1.568114e-06
-1.565202e-06
-1.562296e-06
-1.559397e-06
-1.556503e-06
-1.553616e-06
-1.550736e-06
-1.547861e-06
-1.544993e-06
-1.542131e-06
-1.539275e-06
-1.536425e-06
-1.533581e-06
-1.530744e-06
-1.527912e-06
-1.525087e-06
-1.522268e-06
-1.519455e-06
-1.516648e-06
-1.513847e-06
-1.511052e-06
-1.508263e-06
-1.505480e-06
-1.502703e-06
-1.499932e-06
-1.497167e-06
-1.494408e-06
-1.491654e-06
-1.488907e-06
-1.486166e-06
-1.483430e-06
-1.480700e-06
-1.477977e-06
-1.475258e-06
-1.472546e-06
-1.469840e-06
-1.467139e-06
-1.464444e-06
-1.461755e-06
-1.459072e-06
-1.456394e-06
-1.453722e-06
-1.451056e-06
-1.448395e-06
-1.445740e-06
-1.443091e-06
-1.440447e-06
-1.437809e-06
-1.435176e-06
-1.432549e-06
-1.429928e-06
-1.427312e-06
-1.424702e-06
-1.422097e-06
-1.419498e-06
-1.416905e-06
-1.414316e-06
-1.411734e-06
-1.409156e-06
-1.406585e-06
-1.404018e-06
-1.401457e-06
-1.398902e-06
-1.396351e-06
-1.393807e-06
-1.391267e-06
-1.388733e-06
-1.386204e-06
-1.383681e-06
-1.381163e-06
-1.378650e-06
-1.376142e-06
-1.373640e-06
-1.371143e-06
-1.368651e-06
-1.366165e-06
-1.363683e-06
-1.361207e-06
-1.358736e-06
-1.356270e-06
-1.353810e-06
-1.351354e-06
-1.348904e-06
-1.346459e-06
-1.344018e-06
-1.341583e-06
-1.339153e-06
-1.336728e-06
-1.334309e-06
-1.331894e-06
-1.329484e-06
-1.327079e-06
-1.324680e-06
-1.322285e-06
-1.319895e-06
-1.317510e-06
-1.315130e-06
-1.312755e-06
-1.310385e-06
-1.308020e-06
-1.305660e-06
-1.303305e-06
-1.300954e-06
-1.298609e-06
-1.296268e-06
-1.293932e-06
-1.291601e-06
-1.289275e-06
-1.286954e-06
-1.284637e-06
-1.282325e-06
-1.280018e-06
-1.277716e-06
-1.275418e-06
-1.273126e-06
-1.270837e-06
-1.268554e-06
-1.266275e-06
-1.264001e-06
-1.261732e-06
-1.259467e-06
-1.257207e-06
-1.254952e-06
-1.252701e-06
-1.250455e-06
-1.248213e-06
-1.245977e-06
-1.243744e-06
-1.241516e-06
-1.239293e-06
-1.237074e-06
-1.234860e-06
-1.232651e-06
-1.230446e-06
-1.228245e-06
-1.226049e-06
-1.223857e-06
-1.221670e-06
-1.219487e-06
-1.217309e-06
-1.215135e-06
-1.212966e-06
-1.210801e-06
-1.208640e-06
-1.206484e-06
-1.204332e-06
-1.202185e-06
-1.200041e-06
-1.197903e-06
-1.195768e-06
-1.193638e-06
-1.191512e-06
-1.189391e-06
-1.187274e-06
-1.185161e-06
-1.183052e-06
-1.180948e-06
-1.178848e-06
-1.176752e-06
-1.174660e-06
-1.172573e-06
-1.170489e-06
-1.168410e-06
-1.166335e-06
-1.164265e-06
-1.162198e-06
-1.160136e-06
-1.158078e-06
-1.156024e-06
-1.153974e-06
-1.151928e-06
-1.149886e-06
-1.147849e-06
-1.145815e-06
-1.143786e-06
-1.141760e-06
-1.139739e-06
-1.137722e-06
-1.135708e-06
-1.133699e-06
-1.131694e-06
-1.129693e-06
-1.127696e-06
-1.125702e-06
-1.123713e-06
-1.121728e-06
-1.119747e-06
-1.117769e-06
-1.115796e-06
-1.113826e-06
-1.111861e-06
-1.109899e-06
-1.107941e-06
-1.105987e-06
-1.104038e-06
-1.102091e-06
-1.100149e-06
-1.098211e-06
-1.096276e-06
-1.094345e-06
-1.092419e-06
-1.090495e-06
-1.088576e-06
-1.086661e-06
-1.084749e-06
-1.082841e-06
-1.080937e-06
-1.079037e-06
-1.077140e-06
-1.075247e-06
-1.073358e-06
-1.071472e-06
-1.069591e-06
-1.067713e-06
-1.065838e-06
-1.063968e-06
-1.062101e-06
-1.060238e-06
-1.058378e-06
-1.056522e-06
-1.054670e-06
-1.052821e-06
-1.050976e-06
-1.049135e-06
-1.047297e-06
-1.045462e-06
-1.043632e-06
-1.041805e-06
-1.039981e-06
-1.038161e-06
-1.036345e-06
-1.034532e-06
-1.032723e-06
-1.030917e-06
-1.029115e-06
-1.027316e-06
-1.025521e-06
-1.023729e-06
-1.021941e-06
-1.020156e-06
-1.018375e-06
-1.016597e-06
-1.014823e-06
-1.013052e-06
-1.011285e-06
-1.009521e-06
-1.007760e-06
-1.006003e-06
-1.004249e-06
-1.002499e-06
-1.000752e-06
-9.990082e-07
-9.972680e-07
-9.955311e-07
-9.937976e-07
-9.920674e-07
-9.903406e-07
-9.886172e-07
-9.868970e-07
-9.851802e-07
-9.834667e-07
-9.817564e-07
-9.800495e-07
-9.783459e-07
-9.766455e-07
-9.749484e-07
-9.732546e-07
-9.715640e-07
-9.698767e-07
-9.681927e-07
-9.665118e-07
-9.648342e-07
-9.631598e-07
-9.614886e-07
-9.598206e-07
-9.581558e-07
-9.564942e-07
-9.548358e-07
-9.531805e-07
-9.515284e-07
-9.498795e-07
-9.482337e-07
-9.465911e-07
-9.449516e-07
-9.433152e-07
-9.416819e-07
-9.400518e-07
-9.384248e-07
-9.368008e-07
-9.351800e-07
-9.335622e-07
-9.319475e-07
-9.303359e-07
-9.287273e-07
-9.271218e-07
-9.255194e-07
-9.239200e-07
-9.223236e-07
-9.207302e-07
-9.191399e-07
-9.175526e-07
-9.159682e-07
-9.143869e-07
-9.128086e-07
-9.112332e-07
-9.096609e-07
-9.080915e-07
-9.065250e-07
-9.049615e-07
-9.034010e-07
-9.018434e-07
-9.002888e-07
-8.987370e-07
-8.971882e-07
-8.956424e-07
-8.940994e-07
-8.925593e-07
-8.910221e-07
-8.894878e-07
-8.879564e-07
-8.864279e-07
-8.849022e-07
-8.833794e-07
-8.818594e-07
-8.803423e-07
-8.788280e-07
-8.773166e-07
-8.758080e-07
-8.743022e-07
-8.727993e-07
-8.712991e-07
-8.698017e-07
-8.683072e-07
-8.668154e-07
-8.653264e-07
-8.638402e-07
-8.623568e-07
-8.608761e-07
-8.593982e-07
-8.579230e-07
-8.564505e-07
-8.549809e-07
-8.535139e-07
-8.520497e-07
-8.505881e-07
-8.491293e-07
-8.476732e-07
-8.462199e-07
-8.447691e-07
-8.433211e-07
-8.418758e-07
-8.404331e-07
-8.389932e-07
-8.375558e-07
-8.361212e-07
-8.346891e-07
-8.332598e-07
-8.318330e-07
-8.304089e-07
-8.289875e-07
-8.275686e-07
-8.261524e-07
-8.247387e-07
-8.233277e-07
-8.219193e-07
-8.205134e-07
-8.191102e-07
-8.177095e-07
-8.163114e-07
-8.149159e-07
-8.135229e-07
-8.121325e-07
-8.107446e-07
-8.093593e-07
-8.079765e-07
-8.065962e-07
-8.052185e-07
-8.038433e-07
-8.024706e-07
-8.011004e-07
-7.997327e-07
-7.983676e-07
-7.970049e-07
-7.956447e-07
-7.942869e-07
-7.929317e-07
-7.915789e-07
-7.902286e-07
-7.888807e-07
-7.875353e-07
-7.861924e-07
-7.848519e-07
-7.835138e-07
-7.821781e-07
-7.808449e-07
-7.795141e-07
-7.781857e-07
-7.768597e-07
-7.755362e-07
-7.742150e-07
-7.728962e-07
-7.715798e-07
-7.702658e-07
-7.689541e-07
-7.676448e-07
-7.663379e-07
-7.650334e-07
-7.637312e-07
-7.624313e-07
-7.611338e-07
-7.598387e-07
-7.585459e-07
-7.572554e-07
-7.559672e-07
-7.546813e-07
-7.533978e-07
-7.521165e-07
-7.508376e-07
-7.495610e-07
-7.482866e-07
-7.470145e-07
-7.457448e-07
-7.444773e-07
-7.432120e-07
-7.419491e-07
-7.406884e-07
-7.394299e-07
-7.381737e-07
-7.369198e-07
-7.356681e-07
-7.344186e-07
-7.331713e-07
-7.319263e-07
-7.306835e-07
-7.294429e-07
-7.282046e-07
-7.269684e-07
-7.257344e-07
-7.245027e-07
-7.232731e-07
-7.220457e-07
-7.208205e-07
-7.195975e-07
-7.183766e-07
-7.171579e-07
-7.159414e-07
-7.147270e-07
-7.135148e-07
-7.123047e-07
-7.110968e-07
-7.098910e-07
-7.086874e-07
-7.074858e-07
-7.062864e-07
-7.050891e-07
-7.038940e-07
-7.027009e-07
-7.015100e-07
-7.003211e-07
-6.991343e-07
-6.979497e-07
-6.967671e-07
-6.955866e-07
-6.944082e-07
-6.932318e-07
-6.920576e-07
-6.908853e-07
-6.897152e-07
-6.885471e-07
-6.873810e-07
-6.862170e-07
-6.850550e-07
-6.838951e-07
-6.827372e-07
-6.815813e-07
-6.804275e-07
-6.792757e-07
-6.781258e-07
-6.769780e-07
-6.758322e-07
-6.746884e-07
-6.735466e-07
-6.724068e-07
-6.712690e-07
-6.701332e-07
-6.689993e-07
-6.678674e-07
-6.667375e-07
-6.656095e-07
-6.644835e-07
-6.633595e-07
-6.622374e-07
-6.611173e-07
-6.599991e-07
-6.588829e-07
-6.577685e-07
-6.566562e-07
-6.555457e-07
-6.544372e-07
-6.533306e-07
-6.522259e-07
-6.511231e-07
-6.500222e-07
-6.489232e-07
-6.478261e-07
-6.467310e-07
-6.456377e-07
-6.445463e-07
-6.434567e-07
-6.423691e-07
-6.412833e-07
-6.401994e-07
-6.391173e-07
-6.380372e-07
-6.369588e-07
-6.358824e-07
-6.348077e-07
-6.337349e-07
-6.326640e-07
-6.315949e-07
-6.305276e-07
-6.294622e-07
-6.283986e-07
-6.273368e-07
-6.262768e-07
-6.252186e-07
-6.241623e-07
-6.231077e-07
-6.220550e-07
-6.210040e-07
-6.199549e-07
-6.189075e-07
-6.178619e-07
-6.168181e-07
-6.157761e-07
-6.147358e-07
-6.136974e-07
-6.126606e-07
-6.116257e-07
-6.105925e-07
-6.095611e-07
-6.085314e-07
-6.075034e-07
-6.064772e-07
-6.054528e-07
-6.044301e-07
-6.034091e-07
-6.023898e-07
-6.013723e-07
-6.003565e-07
-5.993424e-07
-5.983300e-07
-5.973193e-07
-5.963104e-07
-5.953031e-07
-5.942975e-07
-5.932937e-07
-5.922915e-07
-5.912910e-07
-5.902922e-07
-5.892951e-07
-5.882996e-07
-5.873059e-07
-5.863138e-07
-5.853233e-07
-5.843345e-07
-5.833474e-07
-5.823620e-07
-5.813782e-07
-5.803960e-07
-5.794155e-07
-5.784366e-07
-5.774594e-07
-5.764838e-07
-5.755098e-07
-5.745375e-07
-5.735668e-07
-5.725977e-07
-5.716302e-07
-5.706643e-07
-5.697001e-07
-5.687374e-07
-5.677764e-07
-5.668169e-07
-5.658591e-07
-5.649028e-07
-5.639482e-07
-5.629951e-07
-5.620436e-07
-5.610937e-07
-5.601453e-07
-5.591986e-07
-5.582534e-07
-5.573097e-07
-5.563677e-07
-5.554272e-07
-5.544882e-07
-5.535508e-07
-5.526150e-07
-5.516807e-07
-5.507479e-07
-5.498167e-07
-5.488870e-07
-5.479588e-07
-5.470322e-07
-5.461071e-07
-5.451836e-07
-5.442615e-07
-5.433410e-07
-5.424219e-07
-5.415044e-07
-5.405884e-07
-5.396739e-07
-5.387609e-07
-5.378494e-07
-5.369394e-07
-5.360309e-07
-5.351239e-07
-5.342184e-07
-5.333143e-07
-5.324117e-07
-5.315106e-07
-5.306110e-07
-5.297128e-07
-5.288161e-07
-5.279209e-07
-5.270271e-07
-5.261348e-07
-5.252439e-07
-5.243545e-07
-5.234666e-07
-5.225801e-07
-5.216950e-07
-5.208113e-07
-5.199291e-07
-5.190484e-07
-5.181690e-07
-5.172911e-07
-5.164146e-07
-5.155396e-07
-5.146659e-07
-5.137937e-07
-5.129229e-07
-5.120535e-07
-5.111855e-07
-5.103189e-07
-5.094537e-07
-5.085899e-07
-5.077274e-07
-5.068664e-07
-5.060068e-07
-5.051485e-07
-5.042917e-07
-5.034362e-07
-5.025821e-07
-5.017294e-07
-5.008780e-07
-5.000280e-07
-4.991794e-07
-4.983321e-07
-4.974862e-07
-4.966416e-07
-4.957984e-07
-4.949566e-07
-4.941161e-07
-4.932769e-07
-4.924391e-07
-4.916027e-07
-4.907675e-07
-4.899337e-07
-4.891013e-07
-4.882701e-07
-4.874403e-07
-4.866118e-07
-4.857847e-07
-4.849588e-07
-4.841343e-07
-4.833111e-07
-4.824891e-07
-4.816685e-07
-4.808492e-07
-4.800312e-07
-4.792145e-07
-4.783991e-07
-4.775850e-07
-4.767722e-07
-4.759606e-07
-4.751504e-07
-4.743414e-07
-4.735337e-07
-4.727273e-07
-4.719222e-07
-4.711183e-07
-4.703157e-07
-4.695144e-07
-4.687143e-07
-4.679155e-07
-4.671180e-07
-4.663217e-07
-4.655266e-07
-4.647329e-07
-4.639403e-07
-4.631490e-07
-4.623590e-07
-4.615702e-07
-4.607826e-07
-4.599963e-07
-4.592112e-07
-4.584273e-07
-4.576447e-07
-4.568633e-07
-4.560831e-07
-4.553041e-07
-4.545263e-07
-4.537498e-07
-4.529745e-07
-4.522003e-07
-4.514274e-07
-4.506557e-07
-4.498852e-07
-4.491159e-07
-4.483478e-07
-4.475809e-07
-4.468152e-07
-4.460507e-07
-4.452873e-07
-4.445252e-07
-4.437642e-07
-4.430044e-07
-4.422458e-07
-4.414884e-07
-4.407321e-07
-4.399771e-07
-4.392231e-07
-4.384704e-07
-4.377188e-07
-4.369684e-07
-4.362191e-07
-4.354710e-07
-4.347240e-07
-4.339782e-07
-4.332336e-07
-4.324901e-07
-4.317477e-07
-4.310065e-07
-4.302664e-07
-4.295275e-07
-4.287897e-07
-4.280530e-07
-4.273174e-07
-4.265830e-07
-4.258497e-07
-4.251176e-07
-4.243865e-07
-4.236566e-07
-4.229278e-07
-4.222001e-07
-4.214735e-07
-4.207481e-07
-4.200237e-07
-4.193005e-07
-4.185783e-07
-4.178573e-07
-4.171373e-07
-4.164185e-07
-4.157007e-07
-4.149840e-07
-4.142685e-07
-4.135540e-07
-4.128406e-07
-4.121283e-07
-4.114170e-07
-4.107069e-07
-4.099978e-07
-4.092898e-07
-4.085828e-07
-4.078770e-07
-4.071722e-07
-4.064685e-07
-4.057658e-07
-4.050642e-07
-4.043636e-07
-4.036642e-07
-4.029657e-07
-4.022683e-07
-4.015720e-07
-4.008767e-07
-4.001825e-07
-3.994893e-07
-3.987972e-07
-3.981061e-07
-3.974160e-07
-3.967270e-07
-3.960390e-07
-3.953520e-07
-3.946661e-07
-3.939812e-07
-3.932973e-07
-3.926144e-07
-3.919326e-07
-3.912518e-07
-3.905720e-07
-3.898932e-07
-3.892154e-07
-3.885387e-07
-3.878629e-07
-3.871882e-07
-3.865144e-07
-3.858417e-07
-3.851700e-07
-3.844992e-07
-3.838295e-07
-3.831608e-07
-3.824930e-07
-3.818263e-07
-3.811605e-07
-3.804957e-07
-3.798319e-07
-3.791691e-07
-3.785073e-07
-3.778464e-07
-3.771865e-07
-3.765276e-07
-3.758697e-07
-3.752128e-07
-3.745568e-07
-3.739018e-07
-3.732477e-07
-3.725946e-07
-3.719425e-07
-3.712913e-07
-3.706411e-07
-3.699918e-07
-3.693435e-07
-3.686962e-07
-3.680498e-07
-3.674043e-07
-3.667598e-07
-3.661163e-07
-3.654737e-07
-3.648320e-07
-3.641912e-07
-3.635514e-07
-3.629126e-07
-3.622746e-07
-3.616376e-07
-3.610016e-07
-3.603664e-07
-3.597322e-07
-3.590989e-07
-3.584665e-07
-3.578351e-07
-3.572045e-07
-3.565749e-07
-3.559462e-07
-3.553184e-07
-3.546915e-07
-3.540655e-07
-3.534405e-07
-3.528163e-07
-3.521930e-07
-3.515707e-07
-3.509492e-07
-3.503287e-07
-3.497090e-07
-3.490902e-07
-3.484724e-07
-3.478554e-07
-3.472393e-07
-3.466241e-07
-3.460098e-07
-3.453963e-07
-3.447838e-07
-3.441721e-07
-3.435613e-07
-3.429514e-07
-3.423423e-07
-3.417342e-07
-3.411269e-07
-3.405205e-07
-3.399149e-07
-3.393102e-07
-3.387064e-07
-3.381034e-07
-3.375013e-07
-3.369001e-07
-3.362997e-07
-3.357001e-07
-3.351015e-07
-3.345036e-07
-3.339067e-07
-3.333105e-07
-3.327153e-07
-3.321208e-07
-3.315273e-07
-3.309345e-07
-3.303426e-07
-3.297515e-07
-3.291613e-07
-3.285719e-07
-3.279834e-07
-3.273957e-07
-3.268088e-07
-3.262227e-07
-3.256375e-07
-3.250531e-07
-3.244695e-07
-3.238867e-07
-3.233048e-07
-3.227237e-07
-3.221434e-07
-3.215639e-07
-3.209852e-07
-3.204074e-07
-3.198303e-07
-3.192541e-07
-3.186787e-07
-3.181040e-07
-3.175302e-07
-3.169572e-07
-3.163850e-07
-3.158136e-07
-3.152430e-07
-3.146732e-07
-3.141042e-07
-3.135359e-07
-3.129685e-07
-3.124019e-07
-3.118360e-07
-3.112709e-07
-3.107067e-07
-3.101432e-07
-3.095805e-07
-3.090185e-07
-3.084574e-07
-3.078970e-07
-3.073374e-07
-3.067786e-07
-3.062206e-07
-3.056633e-07
-3.051068e-07
-3.045511e-07
-3.039961e-07
-3.034419e-07
-3.028885e-07
-3.023358e-07
-3.017839e-07
-3.012328e-07
-3.006824e-07
-3.001327e-07
-2.995839e-07
-2.990357e-07
-2.984884e-07
-2.979418e-07
-2.973959e-07
-2.968508e-07
-2.963064e-07
-2.957628e-07
-2.952199e-07
-2.946778e-07
-2.941364e-07
-2.935957e-07
-2.930558e-07
-2.925166e-07
-2.919781e-07
-2.914404e-07
-2.909034e-07
-2.903672e-07
-2.898317e-07
-2.892969e-07
-2.887628e-07
-2.882295e-07
-2.876969e-07
-2.871650e-07
-2.866338e-07
-2.861033e-07
-2.855736e-07
-2.850446e-07
-2.845163e-07
-2.839887e-07
-2.834618e-07
-2.829356e-07
-2.824102e-07
-2.818854e-07
-2.813614e-07
-2.808380e-07
-2.803154e-07
-2.797935e-07
-2.792722e-07
-2.787517e-07
-2.782319e-07
-2.777127e-07
-2.771943e-07
-2.766765e-07
-2.761595e-07
-2.756431e-07
-2.751275e-07
-2.746125e-07
-2.740982e-07
-2.735846e-07
-2.730717e-07
-2.725594e-07
-2.720479e-07
-2.715370e-07
-2.710268e-07
-2.705173e-07
-2.700084e-07
-2.695003e-07
-2.689928e-07
-2.684860e-07
-2.679798e-07
-2.674743e-07
-2.669695e-07
-2.664654e-07
-2.659619e-07
-2.654591e-07
-2.649570e-07
-2.644555e-07
-2.639547e-07
-2.634545e-07
-2.629550e-07
-2.624562e-07
-2.619580e-07
-2.614605e-07
-2.609636e-07
-2.604674e-07
-2.599718e-07
-2.594769e-07
-2.589826e-07
-2.584890e-07
-2.579960e-07
-2.575036e-07
-2.570119e-07
-2.565209e-07
-2.560305e-07
-2.555407e-07
-2.550516e-07
-2.545631e-07
-2.540752e-07
-2.535880e-07
-2.531014e-07
-2.526154e-07
-2.521301e-07
-2.516454e-07
-2.511613e-07
-2.506779e-07
-2.501951e-07
-2.497129e-07
-2.492313e-07
-2.487504e-07
-2.482700e-07
-2.477903e-07
-2.473112e-07
-2.468328e-07
-2.463549e-07
-2.458777e-07
-2.454011e-07
-2.449250e-07
-2.444496e-07
-2.439749e-07
-2.435007e-07
-2.430271e-07
-2.425541e-07
-2.420818e-07
-2.416100e-07
-2.411389e-07
-2.406683e-07
-2.401984e-07
-2.397290e-07
-2.392603e-07
-2.387921e-07
-2.383246e-07
-2.378576e-07
-2.373912e-07
-2.369255e-07
-2.364603e-07
-2.359957e-07
-2.355317e-07
-2.350683e-07
-2.346054e-07
-2.341432e-07
-2.336815e-07
-2.332204e-07
-2.327599e-07
-2.323000e-07
-2.318407e-07
-2.313820e-07
-2.309238e-07
-2.304662e-07
-2.300092e-07
-2.295527e-07
-2.290968e-07
-2.286415e-07
-2.281868e-07
-2.277326e-07
-2.272791e-07
-2.268260e-07
-2.263736e-07
-2.259217e-07
-2.254704e-07
-2.250196e-07
-2.245694e-07
-2.241197e-07
-2.236707e-07
-2.232221e-07
-2.227742e-07
-2.223268e-07
-2.218799e-07
-2.214336e-07
-2.209879e-07
-2.205427e-07
-2.200981e-07
-2.196540e-07
-2.192104e-07
-2.187675e-07
-2.183250e-07
-2.178831e-07
-2.174418e-07
-2.170010e-07
-2.165607e-07
-2.161210e-07
-2.156818e-07
-2.152431e-07
-2.148050e-07
-2.143675e-07
-2.139305e-07
-2.134940e-07
-2.130580e-07
-2.126226e-07
-2.121877e-07
-2.117533e-07
-2.113195e-07
-2.108862e-07
-2.104534e-07
-2.100212e-07
-2.095895e-07
-2.091583e-07
-2.087276e-07
-2.082974e-07
-2.078678e-07
-2.074387e-07
-2.070101e-07
-2.065821e-07
-2.061545e-07
-2.057275e-07
-2.053010e-07
-2.048750e-07
-2.044495e-07
-2.040245e-07
-2.036001e-07
-2.031761e-07
-2.027527e-07
-2.023298e-07
-2.019074e-07
-2.014854e-07
-2.010640e-07
-2.006431e-07
-2.002227e-07
-1.998029e-07
-1.993835e-07
-1.989646e-07
-1.985462e-07
-1.981283e-07
-1.977109e-07
-1.972940e-07
-1.968776e-07
-1.964617e-07
-1.960463e-07
-1.956314e-07
-1.952170e-07
-1.948030e-07
-1.943896e-07
-1.939766e-07
-1.935642e-07
-1.931522e-07
-1.927407e-07
-1.923297e-07
-1.919192e-07
-1.915092e-07
-1.910996e-07
-1.906906e-07
-1.902820e-07
-1.898739e-07
-1.894662e-07
-1.890591e-07
-1.886524e-07
-1.882462e-07
-1.878405e-07
-1.874353e-07
-1.870305e-07
-1.866262e-07
-1.862224e-07
-1.858190e-07
-1.854161e-07
-1.850137e-07
-1.846118e-07
-1.842103e-07
-1.838093e-07
-1.834087e-07
-1.830087e-07
-1.826090e-07
-1.822099e-07
-1.818112e-07
-1.814129e-07
-1.810152e-07
-1.806179e-07
-1.802210e-07
-1.798246e-07
-1.794287e-07
-1.790332e-07
-1.786381e-07
-1.782435e-07
-1.778494e-07
-1.774557e-07
-1.770625e-07
-1.766698e-07
-1.762774e-07
-1.758855e-07
-1.754941e-07
-1.751031e-07
-1.747126e-07
-1.743225e-07
-1.739329e-07
-1.735437e-07
-1.731549e-07
-1.727666e-07
-1.723787e-07
-1.719913e-07
-1.716043e-07
-1.712177e-07
-1.708316e-07
-1.704459e-07
-1.700606e-07
-1.696758e-07
-1.692914e-07
-1.689075e-07
-1.685240e-07
-1.681409e-07
-1.677582e-07
-1.673760e-07
-1.669942e-07
-1.666128e-07
-1.662319e-07
-1.658513e-07
-1.654712e-07
-1.650916e-07
-1.647123e-07
-1.643335e-07
-1.639551e-07
-1.635771e-07
-1.631996e-07
-1.628224e-07
-1.624457e-07
-1.620694e-07
-1.616935e-07
-1.613180e-07
-1.609430e-07
-1.605683e-07
-1.601941e-07
-1.598203e-07
-1.594469e-07
-1.590739e-07
-1.587013e-07
-1.583292e-07
-1.579574e-07
-1.575860e-07
-1.572151e-07
-1.568446e-07
-1.564744e-07
-1.561047e-07
-1.557354e-07
-1.553665e-07
-1.549979e-07
-1.546298e-07
-1.542621e-07
-1.538948e-07
-1.535279e-07
-1.531614e-07
-1.527952e-07
-1.524295e-07
-1.520642e-07
-1.516992e-07
-1.513347e-07
-1.509706e-07
-1.506068e-07
-1.502435e-07
-1.498805e-07
-1.495179e-07
-1.491557e-07
-1.487939e-07
-1.484325e-07
-1.480715e-07
-1.477109e-07
-1.473506e-07
-1.469908e-07
-1.466313e-07
-1.462722e-07
-1.459135e-07
-1.455552e-07
-1.451972e-07
-1.448396e-07
-1.444825e-07
-1.441256e-07
-1.437692e-07
-1.434132e-07
-1.430575e-07
-1.427022e-07
-1.423473e-07
-1.419927e-07
-1.416386e-07
-1.412848e-07
-1.409313e-07
-1.405783e-07
-1.402256e-07
-1.398733e-07
-1.395213e-07
-1.391698e-07
-1.388186e-07
-1.384677e-07
-1.381172e-07
-1.377671e-07
-1.374174e-07
-1.370680e-07
-1.367190e-07
-1.363704e-07
-1.360221e-07
-1.356742e-07
-1.353266e-07
-1.349794e-07
-1.346325e-07
-1.342860e-07
-1.339399e-07
-1.335941e-07
-1.332487e-07
-1.329037e-07
-1.325590e-07
-1.322146e-07
-1.318706e-07
-1.315270e-07
-1.311837e-07
-1.308408e-07
-1.304982e-07
-1.301559e-07
-1.298140e-07
-1.294725e-07
-1.291313e-07
-1.287905e-07
-1.284500e-07
-1.281098e-07
-1.277700e-07
-1.274306e-07
-1.270914e-07
-1.267527e-07
-1.264142e-07
-1.260761e-07
-1.257384e-07
-1.254010e-07
-1.250639e-07
-1.247272e-07
-1.243908e-07
-1.240548e-07
-1.237190e-07
-1.233837e-07
-1.230486e-07
-1.227139e-07
-1.223795e-07
-1.220455e-07
-1.217118e-07
-1.213784e-07
-1.210454e-07
-1.207127e-07
-1.203803e-07
-1.200482e-07
-1.197165e-07
-1.193851e-07
-1.190540e-07
-1.187233e-07
-1.183929e-07
-1.180628e-07
-1.177330e-07
-1.174036e-07
-1.170745e-07
-1.167457e-07
-1.164172e-07
-1.160891e-07
-1.157613e-07
-1.154338e-07
-1.151066e-07
-1.147797e-07
-1.144532e-07
-1.141269e-07
-1.138010e-07
-1.134754e-07
-1.131501e-07
-1.128252e-07
-1.125005e-07
-1.121762e-07
-1.118522e-07
-1.115284e-07
-1.112051e-07
-1.108820e-07
-1.105592e-07
-1.102367e-07
-1.099146e-07
-1.095927e-07
-1.092712e-07
-1.089499e-07
-1.086290e-07
-1.083084e-07
-1.079881e-07
-1.076681e-07
-1.073484e-07
-1.070290e-07
-1.067099e-07
-1.063911e-07
-1.060726e-07
-1.057544e-07
-1.054365e-07
-1.051189e-07
-1.048016e-07
-1.044846e-07
-1.041680e-07
-1.038516e-07
-1.035355e-07
-1.032197e-07
-1.029042e-07
-1.025889e-07
-1.022740e-07
-1.019594e-07
-1.016451e-07
-1.013310e-07
-1.010173e-07
-1.007038e-07
-1.003907e-07
-1.000778e-07
-9.976524e-08
-9.945295e-08
-9.914094e-08
-9.882923e-08
-9.851780e-08
-9.820666e-08
-9.789580e-08
-9.758523e-08
-9.727495e-08
-9.696495e-08
-9.665524e-08
-9.634580e-08
-9.603665e-08
-9.572778e-08
-9.541920e-08
-9.511089e-08
-9.480287e-08
-9.449512e-08
-9.418765e-08
-9.388046e-08
-9.357355e-08
-9.326692e-08
-9.296056e-08
-9.265448e-08
-9.234868e-08
-9.204315e-08
-9.173790e-08
-9.143291e-08
-9.112821e-08
-9.082377e-08
-9.051961e-08
-9.021572e-08
-8.991210e-08
-8.960875e-08
-8.930566e-08
-8.900285e-08
-8.870031e-08
-8.839804e-08
-8.809603e-08
-8.779429e-08
-8.749282e-08
-8.719161e-08
-8.689067e-08
-8.658999e-08
-8.628958e-08
-8.598943e-08
-8.568954e-08
-8.538992e-08
-8.509056e-08
-8.479146e-08
-8.449262e-08
-8.419404e-08
-8.389572e-08
-8.359766e-08
-8.329986e-08
-8.300231e-08
-8.270503e-08
-8.240800e-08
-8.211122e-08
-8.181471e-08
-8.151845e-08
-8.122244e-08
-8.092669e-08
-8.063119e-08
-8.033594e-08
-8.004095e-08
-7.974621e-08
-7.945172e-08
-7.915748e-08
-7.886349e-08
-7.856975e-08
-7.827626e-08
-7.798302e-08
-7.769003e-08
-7.739729e-08
-7.710479e-08
-7.681254e-08
-7.652054e-08
-7.622878e-08
-7.593726e-08
-7.564599e-08
-7.535497e-08
-7.506419e-08
-7.477365e-08
-7.448335e-08
-7.419330e-08
-7.390349e-08
-7.361391e-08
-7.332458e-08
-7.303549e-08
-7.274664e-08
-7.245802e-08
-7.216965e-08
-7.188151e-08
-7.159361e-08
-7.130594e-08
-7.101852e-08
-7.073132e-08
-7.044437e-08
-7.015764e-08
-6.987115e-08
-6.958490e-08
-6.929888e-08
-6.901309e-08
-6.872753e-08
-6.844220e-08
-6.815711e-08
-6.787224e-08
-6.758761e-08
-6.730320e-08
-6.701902e-08
-6.673508e-08
-6.645136e-08
-6.616786e-08
-6.588460e-08
-6.560156e-08
-6.531874e-08
-6.503616e-08
-6.475379e-08
-6.447165e-08
-6.418974e-08
-6.390805e-08
-6.362658e-08
-6.334533e-08
-6.306431e-08
-6.278351e-08
-6.250292e-08
-6.222256e-08
-6.194242e-08
-6.166250e-08
-6.138279e-08
-6.110331e-08
-6.082404e-08
-6.054499e-08
-6.026616e-08
-5.998754e-08
-5.970914e-08
-5.943096e-08
-5.915299e-08
-5.887523e-08
-5.859769e-08
-5.832036e-08
-5.804325e-08
-5.776634e-08
-5.748965e-08
-5.721318e-08
-5.693691e-08
-5.666085e-08
-5.638500e-08
-5.610937e-08
-5.583394e-08
-5.555872e-08
-5.528371e-08
-5.500890e-08
-5.473431e-08
-5.445992e-08
-5.418574e-08
-5.391176e-08
-5.363799e-08
-5.336442e-08
-5.309106e-08
-5.281790e-08
-5.254494e-08
-5.227219e-08
-5.199964e-08
-5.172729e-08
-5.145515e-08
-5.118320e-08
-5.091146e-08
-5.063991e-08
-5.036857e-08
-5.009742e-08
-4.982648e-08
-4.955573e-08
-4.928518e-08
-4.901482e-08
-4.874467e-08
-4.847471e-08
-4.820494e-08
-4.793538e-08
-4.766600e-08
-4.739682e-08
-4.712784e-08
-4.685905e-08
-4.659045e-08
-4.632205e-08
-4.605383e-08
-4.578581e-08
-4.551798e-08
-4.525034e-08
-4.498290e-08
-4.471564e-08
-4.444857e-08
-4.418169e-08
-4.391500e-08
-4.364850e-08
-4.338218e-08
-4.311606e-08
-4.285011e-08
-4.258436e-08
-4.231879e-08
-4.205341e-08
-4.178821e-08
-4.152320e-08
-4.125837e-08
-4.099372e-08
-4.072926e-08
-4.046498e-08
-4.020089e-08
-3.993697e-08
-3.967324e-08
-3.940969e-08
-3.914631e-08
-3.888312e-08
-3.862011e-08
-3.835728e-08
-3.809462e-08
-3.783215e-08
-3.756985e-08
-3.730773e-08
-3.704579e-08
-3.678402e-08
-3.652243e-08
-3.626102e-08
-3.599978e-08
-3.573872e-08
-3.547783e-08
-3.521711e-08
-3.495657e-08
-3.469620e-08
-3.443600e-08
-3.417598e-08
-3.391613e-08
-3.365645e-08
-3.339694e-08
-3.313760e-08
-3.287843e-08
-3.261943e-08
-3.236060e-08
-3.210194e-08
-3.184345e-08
-3.158513e-08
-3.132697e-08
-3.106898e-08
-3.081116e-08
-3.055350e-08
-3.029601e-08
-3.003869e-08
-2.978152e-08
-2.952453e-08
-2.926770e-08
-2.901103e-08
-2.875453e-08
-2.849819e-08
-2.824201e-08
-2.798599e-08
-2.773013e-08
-2.747444e-08
-2.721891e-08
-2.696354e-08
-2.670832e-08
-2.645327e-08
-2.619838e-08
-2.594364e-08
-2.568907e-08
-2.543465e-08
-2.518039e-08
-2.492628e-08
-2.467233e-08
-2.441854e-08
-2.416491e-08
-2.391143e-08
-2.365810e-08
-2.340493e-08
-2.315192e-08
-2.289905e-08
-2.264635e-08
-2.239379e-08
-2.214139e-08
-2.188914e-08
-2.163704e-08
-2.138509e-08
-2.113329e-08
-2.088165e-08
-2.063015e-08
-2.037880e-08
-2.012761e-08
-1.987656e-08
-1.962566e-08
-1.937491e-08
-1.912430e-08
-1.887385e-08
-1.862354e-08
-1.837337e-08
-1.812336e-08
-1.787349e-08
-1.762376e-08
-1.737418e-08
-1.712474e-08
-1.687545e-08
-1.662630e-08
-1.637730e-08
-1.612843e-08
-1.587971e-08
-1.563114e-08
-1.538270e-08
-1.513441e-08
-1.488625e-08
-1.463824e-08
-1.439037e-08
-1.414263e-08
-1.389504e-08
-1.364758e-08
-1.340027e-08
-1.315309e-08
-1.290605e-08
-1.265915e-08
-1.241238e-08
-1.216575e-08
-1.191926e-08
-1.167290e-08
-1.142668e-08
-1.118059e-08
-1.093464e-08
-1.068882e-08
-1.044314e-08
-1.019759e-08
-9.952174e-09
-9.706889e-09
-9.461738e-09
-9.216718e-09
-8.971830e-09
-8.727072e-09
-8.482446e-09
-8.237951e-09
-7.993585e-09
-7.749349e-09
-7.505242e-09
-7.261264e-09
-7.017415e-09
-6.773694e-09
-6.530101e-09
-6.286635e-09
-6.043296e-09
-5.800084e-09
-5.556998e-09
-5.314038e-09
-5.071203e-09
-4.828494e-09
-4.585909e-09
-4.343448e-09
-4.101112e-09
-3.858899e-09
-3.616810e-09
-3.374843e-09
-3.132999e-09
-2.891277e-09
-2.649676e-09
-2.408197e-09
-2.166839e-09
-1.925602e-09
-1.684485e-09
-1.443487e-09
-1.202610e-09
-9.618509e-10
-7.212110e-10
-4.806894e-10
-2.402859e-10
