6.472224e+08
-1.617740e+08
7.187621e+07
-4.041196e+07
2.584853e+07
-1.793753e+07
1.316746e+07
-1.007150e+07
7.948945e+06
-6.430687e+06
5.307372e+06
-4.452993e+06
3.788110e+06
-3.260539e+06
2.834948e+06
-2.486626e+06
2.197971e+06
-1.956069e+06
1.751373e+06
-1.576601e+06
1.426222e+06
-1.295873e+06
1.182180e+06
-1.082394e+06
9.943662e+05
-9.162931e+05
8.467584e+05
-7.845341e+05
7.286604e+05
-6.782745e+05
6.327108e+05
-5.913456e+05
5.537088e+05
-5.193378e+05
4.878956e+05
-4.590312e+05
4.325002e+05
-4.080301e+05
3.854429e+05
-3.645225e+05
3.451388e+05
-3.271171e+05
3.103626e+05
-2.947314e+05
2.801550e+05
-2.665129e+05
2.537563e+05
-2.417829e+05
2.305588e+05
-2.199956e+05
2.100713e+05
-2.007081e+05
1.918934e+05
-1.835580e+05
1.756962e+05
-1.682461e+05
1.612075e+05
-1.545242e+05
1.482004e+05
-1.421844e+05
1.364842e+05
-1.310520e+05
1.258985e+05
-1.209790e+05
1.163066e+05
-1.118394e+05
1.075922e+05
-1.035255e+05
9.965553e+04
-9.594472e+04
9.241049e+04
-8.901705e+04
8.578268e+04
-8.267316e+04
7.970744e+04
-7.685268e+04
7.412835e+04
-7.150284e+04
6.899601e+04
-6.657736e+04
6.426702e+04
-6.203549e+04
5.990309e+04
-5.784125e+04
5.587039e+04
-5.396277e+04
5.213886e+04
-5.037173e+04
4.868179e+04
-4.704288e+04
4.547533e+04
-4.395369e+04
4.249814e+04
-4.108393e+04
3.973109e+04
-3.841548e+04
3.715696e+04
-3.593200e+04
3.476024e+04
-3.361875e+04
3.252692e+04
-3.146241e+04
3.044433e+04
-2.945089e+04
2.850095e+04
-2.757324e+04
2.668632e+04
-2.581947e+04
2.499093e+04
-2.418049e+04
2.340608e+04
-2.264798e+04
2.192382e+04
-2.121436e+04
2.053689e+04
-1.987266e+04
1.923862e+04
-1.861649e+04
1.802288e+04
-1.743997e+04
1.688403e+04
-1.633770e+04
1.581689e+04
-1.530469e+04
1.481667e+04
-1.433634e+04
1.387894e+04
-1.342840e+04
1.299962e+04
-1.257694e+04
1.217490e+04
-1.177829e+04
1.140129e+04
-1.102908e+04
1.067552e+04
-1.032618e+04
9.994557e+03
-9.666641e+03
9.355588e+03
-9.047763e+03
8.755988e+03
-8.467008e+03
8.193311e+03
-7.922016e+03
7.665278e+03
-7.410583e+03
7.169758e+03
-6.930651e+03
6.704763e+03
-6.480297e+03
6.268433e+03
-6.057722e+03
5.859029e+03
-5.661243e+03
5.474919e+03
-5.289283e+03
5.114580e+03
-4.940363e+03
4.776579e+03
-4.613100e+03
4.459574e+03
-4.306191e+03
4.162306e+03
-4.018418e+03
3.883593e+03
-3.748633e+03
3.622324e+03
-3.495761e+03
3.377455e+03
-3.258790e+03
3.148006e+03
-3.036769e+03
2.933053e+03
-2.828802e+03
2.731729e+03
-2.634048e+03
2.543217e+03
-2.451714e+03
2.366750e+03
-2.281056e+03
2.201602e+03
-2.121371e+03
2.047094e+03
-1.971998e+03
1.902583e+03
-1.832315e+03
1.767466e+03
-1.701735e+03
1.641174e+03
-1.579706e+03
1.523170e+03
-1.465709e+03
1.412950e+03
-1.359252e+03
1.310038e+03
-1.259874e+03
1.213985e+03
-1.167140e+03
1.124370e+03
-1.080641e+03
1.040795e+03
-9.999895e+02
9.628846e+02
-9.248228e+02
8.902863e+02
-8.547981e+02
8.226677e+02
-7.895928e+02
7.597156e+02
-7.289032e+02
7.011353e+02
-6.724433e+02
6.466492e+02
-6.199437e+02
5.959962e+02
-5.711513e+02
5.489303e+02
-5.258273e+02
5.052203e+02
-4.837476e+02
4.646485e+02
-4.447010e+02
4.270102e+02
-4.084891e+02
3.921130e+02
-3.749254e+02
3.597760e+02
-3.438346e+02
3.298292e+02
-3.150517e+02
3.021130e+02
-2.884222e+02
2.764772e+02
-2.638008e+02
2.527812e+02
-2.410509e+02
2.308928e+02
-2.200447e+02
2.106879e+02
-2.006621e+02
1.920504e+02
-1.827906e+02
1.748711e+02
-1.663245e+02
1.590481e+02
-1.511652e+02
1.444855e+02
-1.372200e+02
1.310937e+02
-1.244022e+02
1.187891e+02
-1.126308e+02
1.074930e+02
-1.018301e+02
9.713219e+01
-9.192894e+01
8.763808e+01
-8.286126e+01
7.894665e+01
-7.456517e+01
7.099811e+01
-6.698293e+01
6.373666e+01
-6.006068e+01
5.711026e+01
-5.374817e+01
5.107041e+01
-4.799861e+01
4.557189e+01
-4.276840e+01
4.057263e+01
-3.801696e+01
3.603346e+01
-3.370653e+01
3.191795e+01
-2.980202e+01
2.819224e+01
-2.627079e+01
2.482489e+01
-2.308258e+01
2.178670e+01
-2.020927e+01
1.905057e+01
-1.762480e+01
1.659142e+01
-1.530503e+01
1.438597e+01
-1.322759e+01
1.241269e+01
-1.137178e+01
1.065168e+01
-9.718479e+00
9.084506e+00
-8.250004e+00
7.694182e+00
-6.950036e+00
6.465015e+00
-5.803526e+00
5.382539e+00
-4.796603e+00
4.433430e+00
-3.916499e+00
3.605425e+00
-3.151468e+00
2.887249e+00
-2.490721e+00
2.268548e+00
-1.924351e+00
1.739822e+00
-1.443279e+00
1.292368e+00
-1.039190e+00
9.182170e-01
-7.044793e-01
6.100890e-01
-4.322046e-01
3.613380e-01
-2.160346e-01
1.659086e-01
-5.020652e-02
1.829229e-02
7.051536e-02
-8.651179e-02
1.508780e-01
-1.530342e-01
1.951750e-01
-1.853691e-01
2.072796e-01
-1.872059e-01
1.906744e-01
-1.618586e-01
1.484795e-01
-1.122917e-01
8.347754e-02
-4.114522e-02
-1.863194e-03
4.924369e-02
-1.053682e-01
1.568209e-01
-2.251384e-01
2.797979e-01
-3.595340e-01
4.166362e-01
-5.071607e-01
5.660348e-01
-6.668584e-01
7.269194e-01
-8.376924e-01
8.984344e-01
-1.018947e+00
1.079937e+00
-1.210125e+00
1.270998e+00
-1.410942e+00
1.471397e+00
-1.621339e+00
1.681133e+00
-1.841486e+00
1.900435e+00
-2.071799e+00
2.129773e+00
-2.312961e+00
2.369886e+00
-2.565956e+00
2.621813e+00
-2.832109e+00
2.886935e+00
-3.113144e+00
3.167040e+00
-3.411265e+00
3.464403e+00
-3.729263e+00
3.781894e+00
-4.070656e+00
4.123129e+00
-4.439895e+00
4.492680e+00
-4.842636e+00
4.896359e+00
-5.286137e+00
5.341629e+00
-5.779818e+00
5.838194e+00
-6.336106e+00
6.398873e+00
-6.971686e+00
7.040922e+00
-7.709477e+00
7.788109e+00
-8.581808e+00
8.674073e+00
-9.635784e+00
9.748024e+00
-1.094279e+01
1.108489e+01
-1.261643e+01
1.280459e+01
-1.484918e+01
1.511167e+01
-1.799518e+01
1.838545e+01
-2.278498e+01
2.341521e+01
-3.100627e+01
3.214231e+01
-4.849349e+01
5.069394e+01
-1.112584e+02
6.288696e+01
2.063618e+02
-1.806051e+02
6.720467e+01
-5.855594e+01
3.723360e+01
-3.438097e+01
2.561467e+01
-2.418467e+01
1.944345e+01
-1.857088e+01
1.561248e+01
-1.501629e+01
1.300002e+01
-1.256184e+01
1.110267e+01
-1.076393e+01
9.660972e+00
-9.389256e+00
8.527594e+00
-8.303478e+00
7.612675e+00
-7.423760e+00
6.858276e+00
-6.696253e+00
6.225356e+00
-6.084431e+00
5.686641e+00
-5.562641e+00
5.222498e+00
-5.112330e+00
4.818429e+00
-4.719748e+00
4.463492e+00
-4.374482e+00
4.149273e+00
-4.068502e+00
3.869188e+00
-3.795511e+00
3.618017e+00
-3.550503e+00
3.391560e+00
-3.329445e+00
3.186401e+00
-3.129049e+00
2.999733e+00
-2.946610e+00
2.829225e+00
-2.779878e+00
2.672925e+00
-2.626969e+00
2.529187e+00
-2.486289e+00
2.396612e+00
-2.356484e+00
2.274001e+00
-2.236391e+00
2.160323e+00
-2.125010e+00
2.054684e+00
-2.021475e+00
1.956307e+00
-1.925029e+00
1.864512e+00
-1.835011e+00
1.778700e+00
-1.750839e+00
1.698343e+00
-1.672000e+00
1.622974e+00
-1.598036e+00
1.552175e+00
-1.528544e+00
1.485577e+00
-1.463160e+00
1.422845e+00
-1.401561e+00
1.363680e+00
-1.343454e+00
1.307814e+00
-1.288576e+00
1.255003e+00
-1.236690e+00
1.205026e+00
-1.187581e+00
1.157683e+00
-1.141053e+00
1.112792e+00
-1.096927e+00
1.070187e+00
-1.055042e+00
1.029715e+00
-1.015249e+00
9.912374e-01
-9.774106e-01
9.546264e-01
-9.414032e-01
9.197645e-01
-9.071115e-01
8.865436e-01
-8.744298e-01
8.548640e-01
-8.432603e-01
8.246336e-01
-8.135130e-01
7.957670e-01
-7.851043e-01
7.681854e-01
-7.579569e-01
7.418154e-01
-7.319991e-01
7.165890e-01
-7.071643e-01
6.924429e-01
-6.833903e-01
6.693182e-01
-6.606195e-01
6.471599e-01
-6.387980e-01
6.259167e-01
-6.178755e-01
6.055408e-01
-5.978051e-01
5.859873e-01
-5.785429e-01
5.672142e-01
-5.600476e-01
5.491822e-01
-5.422808e-01
5.318545e-01
-5.252063e-01
5.151965e-01
-5.087901e-01
4.991756e-01
-4.930004e-01
4.837612e-01
-4.778070e-01
4.689246e-01
-4.631819e-01
4.546386e-01
-4.490983e-01
4.408777e-01
-4.355311e-01
4.276178e-01
-4.224568e-01
4.148360e-01
-4.098529e-01
4.025110e-01
-3.976984e-01
3.906223e-01
-3.859732e-01
3.791508e-01
-3.746586e-01
3.680782e-01
-3.637366e-01
3.573874e-01
-3.531904e-01
3.470619e-01
-3.430037e-01
3.370863e-01
-3.331616e-01
3.274459e-01
-3.236494e-01
3.181267e-01
-3.144535e-01
3.091155e-01
-3.055608e-01
3.003996e-01
-2.969590e-01
2.919672e-01
-2.886363e-01
2.838067e-01
-2.805815e-01
2.759073e-01
-2.727839e-01
2.682588e-01
-2.652333e-01
2.608512e-01
-2.579202e-01
2.536751e-01
-2.508351e-01
2.467217e-01
-2.439694e-01
2.399823e-01
-2.373145e-01
2.334487e-01
-2.308626e-01
2.271133e-01
-2.246059e-01
2.209686e-01
-2.185371e-01
2.150073e-01
-2.126492e-01
2.092228e-01
-2.069354e-01
2.036085e-01
-2.013895e-01
1.981582e-01
-1.960052e-01
1.928659e-01
-1.907767e-01
1.877259e-01
-1.856983e-01
1.827327e-01
-1.807647e-01
1.778810e-01
-1.759706e-01
1.731659e-01
-1.713111e-01
1.685824e-01
-1.667816e-01
1.641260e-01
-1.623772e-01
1.597922e-01
-1.580938e-01
1.555766e-01
-1.539270e-01
1.514753e-01
-1.498729e-01
1.474841e-01
-1.459275e-01
1.435994e-01
-1.420871e-01
1.398175e-01
-1.383480e-01
1.361347e-01
-1.347068e-01
1.325479e-01
-1.311602e-01
1.290536e-01
-1.277049e-01
1.256487e-01
-1.243378e-01
1.223302e-01
-1.210559e-01
1.190951e-01
-1.178564e-01
1.159407e-01
-1.147364e-01
1.128642e-01
-1.116932e-01
1.098629e-01
-1.087243e-01
1.069343e-01
-1.058271e-01
1.040759e-01
-1.029992e-01
1.012854e-01
-1.002383e-01
9.856034e-02
-9.754199e-02
9.589861e-02
-9.490813e-02
9.329799e-02
-9.233457e-02
9.075637e-02
-8.981922e-02
8.827171e-02
-8.736007e-02
8.584201e-02
-8.495515e-02
8.346534e-02
-8.260255e-02
8.113982e-02
-8.030041e-02
7.886362e-02
-7.804692e-02
7.663494e-02
-7.584030e-02
7.445204e-02
-7.367885e-02
7.231321e-02
-7.156086e-02
7.021679e-02
-6.948468e-02
6.816112e-02
-6.744870e-02
6.614462e-02
-6.545133e-02
6.416569e-02
-6.349100e-02
6.222279e-02
-6.156618e-02
6.031438e-02
-5.967535e-02
5.843895e-02
-5.781701e-02
5.659501e-02
-5.598968e-02
5.478106e-02
-5.419188e-02
5.299563e-02
-5.242216e-02
5.123725e-02
-5.067904e-02
4.950445e-02
-4.896107e-02
4.779576e-02
-4.726680e-02
4.610969e-02
-4.559474e-02
4.444476e-02
-4.394343e-02
4.279947e-02
-4.231135e-02
4.117228e-02
-4.069700e-02
3.956164e-02
-3.909883e-02
3.796597e-02
-3.751525e-02
3.638364e-02
-3.594464e-02
3.481298e-02
-3.438534e-02
3.325225e-02
-3.283563e-02
3.169967e-02
-3.129370e-02
3.015337e-02
-2.975769e-02
2.861139e-02
-2.822565e-02
2.707168e-02
-2.669551e-02
2.553206e-02
-2.516512e-02
2.399025e-02
-2.363216e-02
2.244379e-02
-2.209418e-02
2.089007e-02
-2.054855e-02
1.932625e-02
-1.899243e-02
1.774930e-02
-1.742277e-02
1.615592e-02
-1.583624e-02
1.454250e-02
-1.422921e-02
1.290510e-02
-1.259772e-02
1.123935e-02
-1.093736e-02
9.540459e-03
-9.243292e-03
7.803061e-03
-7.510105e-03
6.021174e-03
-5.731750e-03
4.188068e-03
-3.901425e-03
2.296140e-03
-2.011435e-03
3.367492e-04
-5.302842e-05
-1.699983e-03
1.983808e-03
-3.825417e-03
4.110599e-03
-6.052701e-03
6.340699e-03
-8.397157e-03
8.689683e-03
-1.087677e-02
1.117585e-02
-1.351279e-02
1.382086e-02
-1.633060e-02
1.665059e-02
-1.936068e-02
1.969618e-02
-2.264008e-02
2.299554e-02
-2.621428e-02
2.659527e-02
-3.013975e-02
3.055332e-02
-3.448751e-02
3.494276e-02
-3.934821e-02
3.985704e-02
-4.483940e-02
4.541768e-02
-5.111638e-02
5.178571e-02
-5.838870e-02
5.917920e-02
-6.694618e-02
6.790102e-02
-7.720138e-02
7.838453e-02
-8.976239e-02
9.127250e-02
-1.055641e-01
1.075610e-01
-1.261215e-01
1.288809e-01
-1.540617e-01
1.580994e-01
-1.943694e-01
2.007656e-01
-2.577841e-01
2.692011e-01
-3.723841e-01
3.973514e-01
-6.412584e-01
7.249361e-01
-1.933461e+00
3.035328e+00
3.175890e-03
-1.315303e+00
5.842319e-01
-5.689207e-01
3.802351e-01
-3.674487e-01
2.819370e-01
-2.736881e-01
2.250800e-01
-2.193985e-01
1.880975e-01
-1.839300e-01
1.621082e-01
-1.588987e-01
1.428234e-01
-1.402576e-01
1.279250e-01
-1.258132e-01
1.160527e-01
-1.142737e-01
1.063557e-01
-1.048287e-01
9.827526e-02
-9.694406e-02
9.142907e-02
-9.025347e-02
8.554686e-02
-8.449727e-02
8.043214e-02
-7.948628e-02
7.593865e-02
-7.507939e-02
7.195526e-02
-7.116922e-02
6.839601e-02
-6.767256e-02
6.519340e-02
-6.452397e-02
6.229364e-02
-6.167125e-02
5.965335e-02
-5.907226e-02
5.723715e-02
-5.669258e-02
5.501592e-02
-5.450384e-02
5.296544e-02
-5.248245e-02
5.106540e-02
-5.060859e-02
4.929867e-02
-4.886554e-02
4.765065e-02
-4.723906e-02
4.610888e-02
-4.571693e-02
4.466260e-02
-4.428865e-02
4.330250e-02
-4.294511e-02
4.202048e-02
-4.167837e-02
4.080946e-02
-4.048149e-02
3.966320e-02
-3.934837e-02
3.857623e-02
-3.827362e-02
3.754366e-02
-3.725246e-02
3.656117e-02
-3.628065e-02
3.562490e-02
-3.535440e-02
3.473139e-02
-3.447030e-02
3.387755e-02
-3.362532e-02
3.306055e-02
-3.281669e-02
3.227789e-02
-3.204194e-02
3.152727e-02
-3.129880e-02
3.080661e-02
-3.058523e-02
3.011401e-02
-2.989938e-02
2.944774e-02
-2.923953e-02
2.880623e-02
-2.860412e-02
2.818803e-02
-2.799174e-02
2.759179e-02
-2.740106e-02
2.701630e-02
-2.683089e-02
2.646042e-02
-2.628010e-02
2.592311e-02
-2.574766e-02
2.540340e-02
-2.523262e-02
2.490040e-02
-2.473410e-02
2.441327e-02
-2.425128e-02
2.394123e-02
-2.378339e-02
2.348357e-02
-2.332972e-02
2.303962e-02
-2.288960e-02
2.260874e-02
-2.246242e-02
2.219034e-02
-2.204759e-02
2.178388e-02
-2.164458e-02
2.138884e-02
-2.125287e-02
2.100473e-02
-2.087197e-02
2.063110e-02
-2.050145e-02
2.026752e-02
-2.014088e-02
1.991358e-02
-1.978986e-02
1.956891e-02
-1.944801e-02
1.923314e-02
-1.911497e-02
1.890593e-02
-1.879041e-02
1.858696e-02
-1.847402e-02
1.827592e-02
-1.816548e-02
1.797254e-02
-1.786452e-02
1.767652e-02
-1.757087e-02
1.738762e-02
-1.728426e-02
1.710558e-02
-1.700445e-02
1.683017e-02
-1.673121e-02
1.656117e-02
-1.646432e-02
1.629836e-02
-1.620356e-02
1.604155e-02
-1.594875e-02
1.579052e-02
-1.569967e-02
1.554511e-02
-1.545616e-02
1.530513e-02
-1.521804e-02
1.507042e-02
-1.498513e-02
1.484081e-02
-1.475729e-02
1.461615e-02
-1.453435e-02
1.439629e-02
-1.431617e-02
1.418109e-02
-1.410261e-02
1.397041e-02
-1.389354e-02
1.376413e-02
-1.368882e-02
1.356211e-02
-1.348834e-02
1.336425e-02
-1.329197e-02
1.317041e-02
-1.309960e-02
1.298049e-02
-1.291112e-02
1.279439e-02
-1.272643e-02
1.261201e-02
-1.254541e-02
1.243323e-02
-1.236799e-02
1.225797e-02
-1.219405e-02
1.208614e-02
-1.202351e-02
1.191765e-02
-1.185629e-02
1.175241e-02
-1.169229e-02
1.159034e-02
-1.153144e-02
1.143136e-02
-1.137366e-02
1.127540e-02
-1.121887e-02
1.112238e-02
-1.106701e-02
1.097223e-02
-1.091799e-02
1.082488e-02
-1.077176e-02
1.068026e-02
-1.062824e-02
1.053832e-02
-1.048737e-02
1.039898e-02
-1.034909e-02
1.026220e-02
-1.021335e-02
1.012790e-02
-1.008007e-02
9.996034e-03
-9.949221e-03
9.866549e-03
-9.820731e-03
9.739390e-03
-9.694554e-03
9.614508e-03
-9.570638e-03
9.491851e-03
-9.448935e-03
9.371373e-03
-9.329398e-03
9.253026e-03
-9.211981e-03
9.136766e-03
-9.096639e-03
9.022550e-03
-8.983330e-03
8.910335e-03
-8.872012e-03
8.800081e-03
-8.762644e-03
8.691747e-03
-8.655189e-03
8.585297e-03
-8.549607e-03
8.480691e-03
-8.445863e-03
8.377895e-03
-8.343921e-03
8.276873e-03
-8.243747e-03
8.177593e-03
-8.145307e-03
8.080020e-03
-8.048570e-03
7.984124e-03
-7.953505e-03
7.889874e-03
-7.860081e-03
7.797239e-03
-7.768269e-03
7.706193e-03
-7.678042e-03
7.616705e-03
-7.589373e-03
7.528751e-03
-7.502235e-03
7.442304e-03
-7.416603e-03
7.357339e-03
-7.332453e-03
7.273832e-03
-7.249762e-03
7.191760e-03
-7.168508e-03
7.111100e-03
-7.088668e-03
7.031831e-03
-7.010223e-03
6.953933e-03
-6.933153e-03
6.877385e-03
-6.857438e-03
6.802169e-03
-6.783063e-03
6.728268e-03
-6.710009e-03
6.655663e-03
-6.638260e-03
6.584338e-03
-6.567803e-03
6.514279e-03
-6.498622e-03
6.445471e-03
-6.430705e-03
6.377900e-03
-6.364041e-03
6.311555e-03
-6.298618e-03
6.246423e-03
-6.234427e-03
6.182494e-03
-6.171460e-03
6.119758e-03
-6.109709e-03
6.058209e-03
-6.049169e-03
5.997837e-03
-5.989834e-03
5.938638e-03
-5.931703e-03
5.880607e-03
-5.874773e-03
5.823741e-03
-5.819045e-03
5.768037e-03
-5.764521e-03
5.713497e-03
-5.711205e-03
5.660121e-03
-5.659103e-03
5.607912e-03
-5.608224e-03
5.556877e-03
-5.558579e-03
5.507023e-03
-5.510181e-03
5.458359e-03
-5.463049e-03
5.410898e-03
-5.417203e-03
5.364655e-03
-5.372667e-03
5.319650e-03
-5.329470e-03
5.275904e-03
-5.287647e-03
5.233443e-03
-5.247236e-03
5.192297e-03
-5.208284e-03
5.152504e-03
-5.170844e-03
5.114103e-03
-5.134977e-03
5.077143e-03
-5.100755e-03
5.041678e-03
-5.068261e-03
5.007772e-03
-5.037590e-03
4.975500e-03
-5.008854e-03
4.944945e-03
-4.982182e-03
4.916205e-03
-4.957724e-03
4.889394e-03
-4.935659e-03
4.864644e-03
-4.916194e-03
4.842108e-03
-4.899577e-03
4.821963e-03
-4.886098e-03
4.804420e-03
-4.876109e-03
4.789723e-03
-4.870032e-03
4.778163e-03
-4.868378e-03
4.770085e-03
-4.871775e-03
4.765898e-03
-4.880998e-03
4.766094e-03
-4.897017e-03
4.771265e-03
-4.921060e-03
4.782129e-03
-4.954708e-03
4.799556e-03
-5.000019e-03
4.824608e-03
-5.059738e-03
4.858578e-03
-5.137593e-03
4.903024e-03
-5.238787e-03
4.959778e-03
-5.370798e-03
5.030861e-03
-5.544778e-03
5.118093e-03
-5.778118e-03
5.221830e-03
-6.099515e-03
5.336891e-03
-6.559935e-03
5.438710e-03
-7.259384e-03
5.429233e-03
-8.424458e-03
4.867793e-03
-1.070052e-02
8.638076e-04
-1.692829e-02
-6.782674e-02
3.009516e-01
-1.793951e-01
1.493385e-02
-2.166515e-02
5.182642e-03
-8.059899e-03
2.255582e-03
-3.780705e-03
8.606841e-04
-1.797437e-03
5.246566e-05
-6.847399e-04
-4.696156e-04
1.426013e-05
-8.308865e-04
4.870632e-04
-1.092888e-03
8.237455e-04
-1.289369e-03
1.072605e-03
-1.440382e-03
1.261731e-03
-1.558589e-03
1.408512e-03
-1.652380e-03
1.524262e-03
-1.727532e-03
1.616647e-03
-1.788152e-03
1.691035e-03
-1.837242e-03
1.751296e-03
-1.877043e-03
1.800285e-03
-1.909264e-03
1.840156e-03
-1.935232e-03
1.872559e-03
-1.955989e-03
1.898782e-03
-1.972368e-03
1.919844e-03
-1.985040e-03
1.936561e-03
-1.994553e-03
1.949593e-03
-2.001359e-03
1.959479e-03
-2.005833e-03
1.966667e-03
-2.008290e-03
1.971527e-03
-2.008993e-03
1.974371e-03
-2.008169e-03
1.975462e-03
-2.006009e-03
1.975024e-03
-2.002678e-03
1.973247e-03
-1.998320e-03
1.970297e-03
-1.993056e-03
1.966315e-03
-1.986996e-03
1.961425e-03
-1.980234e-03
1.955734e-03
-1.972851e-03
1.949336e-03
-1.964921e-03
1.942314e-03
-1.956509e-03
1.934741e-03
-1.947671e-03
1.926680e-03
-1.938459e-03
1.918190e-03
-1.928917e-03
1.909321e-03
-1.919085e-03
1.900118e-03
-1.909001e-03
1.890622e-03
-1.898697e-03
1.880870e-03
-1.888202e-03
1.870892e-03
-1.877542e-03
1.860721e-03
-1.866742e-03
1.850380e-03
-1.855822e-03
1.839895e-03
-1.844803e-03
1.829287e-03
-1.833702e-03
1.818576e-03
-1.822534e-03
1.807779e-03
-1.811316e-03
1.796913e-03
-1.800059e-03
1.785992e-03
-1.788777e-03
1.775029e-03
-1.777479e-03
1.764037e-03
-1.766177e-03
1.753028e-03
-1.754880e-03
1.742010e-03
-1.743595e-03
1.730993e-03
-1.732331e-03
1.719987e-03
-1.721095e-03
1.708998e-03
-1.709894e-03
1.698033e-03
-1.698732e-03
1.687100e-03
-1.687616e-03
1.676205e-03
-1.676551e-03
1.665352e-03
-1.665541e-03
1.654547e-03
-1.654590e-03
1.643794e-03
-1.643703e-03
1.633099e-03
-1.632883e-03
1.622464e-03
-1.622133e-03
1.611893e-03
-1.611456e-03
1.601390e-03
-1.600855e-03
1.590958e-03
-1.590333e-03
1.580599e-03
-1.579891e-03
1.570317e-03
-1.569533e-03
1.560112e-03
-1.559259e-03
1.549989e-03
-1.549073e-03
1.539948e-03
-1.538974e-03
1.529992e-03
-1.528966e-03
1.520122e-03
-1.519049e-03
1.510340e-03
-1.509225e-03
1.500648e-03
-1.499495e-03
1.491046e-03
-1.489860e-03
1.481536e-03
-1.480321e-03
1.472120e-03
-1.470880e-03
1.462797e-03
-1.461536e-03
1.453570e-03
-1.452291e-03
1.444439e-03
-1.443145e-03
1.435405e-03
-1.434100e-03
1.426469e-03
-1.425155e-03
1.417632e-03
-1.416313e-03
1.408894e-03
-1.407572e-03
1.400256e-03
-1.398934e-03
1.391718e-03
-1.390399e-03
1.383282e-03
-1.381968e-03
1.374947e-03
-1.373641e-03
1.366715e-03
-1.365418e-03
1.358586e-03
-1.357301e-03
1.350561e-03
-1.349290e-03
1.342639e-03
-1.341385e-03
1.334822e-03
-1.333586e-03
1.327110e-03
-1.325894e-03
1.319504e-03
-1.318309e-03
1.312003e-03
-1.310833e-03
1.304610e-03
-1.303465e-03
1.297323e-03
-1.296206e-03
1.290144e-03
-1.289056e-03
1.283073e-03
-1.282016e-03
1.276111e-03
-1.275087e-03
1.269259e-03
-1.268269e-03
1.262516e-03
-1.261563e-03
1.255885e-03
-1.254969e-03
1.249365e-03
-1.248489e-03
1.242957e-03
-1.242122e-03
1.236662e-03
-1.235870e-03
1.230481e-03
-1.229734e-03
1.224415e-03
-1.223714e-03
1.218464e-03
-1.217811e-03
1.212631e-03
-1.212027e-03
1.206914e-03
-1.206363e-03
1.201317e-03
-1.200819e-03
1.195840e-03
-1.195397e-03
1.190484e-03
-1.190098e-03
1.185250e-03
-1.184924e-03
1.180141e-03
-1.179876e-03
1.175157e-03
-1.174955e-03
1.170301e-03
-1.170164e-03
1.165574e-03
-1.165504e-03
1.160977e-03
-1.160977e-03
1.156513e-03
-1.156585e-03
1.152184e-03
-1.152331e-03
1.147992e-03
-1.148216e-03
1.143939e-03
-1.144243e-03
1.140029e-03
-1.140415e-03
1.136263e-03
-1.136735e-03
1.132644e-03
-1.133205e-03
1.129176e-03
-1.129829e-03
1.125862e-03
-1.126610e-03
1.122706e-03
-1.123552e-03
1.119710e-03
-1.120659e-03
1.116880e-03
-1.117935e-03
1.114219e-03
-1.115385e-03
1.111731e-03
-1.113012e-03
1.109423e-03
-1.110824e-03
1.107298e-03
-1.108823e-03
1.105363e-03
-1.107018e-03
1.103624e-03
-1.105414e-03
1.102086e-03
-1.104017e-03
1.100757e-03
-1.102836e-03
1.099644e-03
-1.101877e-03
1.098755e-03
-1.101150e-03
1.098099e-03
-1.100663e-03
1.097684e-03
-1.100426e-03
1.097521e-03
-1.100449e-03
1.097620e-03
-1.100744e-03
1.097993e-03
-1.101323e-03
1.098652e-03
-1.102200e-03
1.099611e-03
-1.103388e-03
1.100884e-03
-1.104903e-03
1.102487e-03
-1.106762e-03
1.104437e-03
-1.108984e-03
1.106754e-03
-1.111588e-03
1.109457e-03
-1.114596e-03
1.112568e-03
-1.118033e-03
1.116113e-03
-1.121925e-03
1.120117e-03
-1.126300e-03
1.124611e-03
-1.131189e-03
1.129626e-03
-1.136629e-03
1.135199e-03
-1.142656e-03
1.141367e-03
-1.149315e-03
1.148176e-03
-1.156652e-03
1.155673e-03
-1.164719e-03
1.163912e-03
-1.173576e-03
1.172953e-03
-1.183288e-03
1.182864e-03
-1.193930e-03
1.193720e-03
-1.205583e-03
1.205607e-03
-1.218342e-03
1.218621e-03
-1.232315e-03
1.232871e-03
-1.247621e-03
1.248483e-03
-1.264401e-03
1.265600e-03
-1.282813e-03
1.284387e-03
-1.303043e-03
1.305034e-03
-1.325306e-03
1.327762e-03
-1.349851e-03
1.352832e-03
-1.376973e-03
1.380549e-03
-1.407021e-03
1.411273e-03
-1.440411e-03
1.445438e-03
-1.477641e-03
1.483564e-03
-1.519319e-03
1.526284e-03
-1.566185e-03
1.574374e-03
-1.619159e-03
1.628798e-03
-1.679392e-03
1.690767e-03
-1.748345e-03
1.761823e-03
-1.827903e-03
1.843964e-03
-1.920539e-03
1.939819e-03
-2.029565e-03
2.052927e-03
-2.159514e-03
2.188160e-03
-2.316767e-03
2.352421e-03
-2.510603e-03
2.555818e-03
-2.755041e-03
2.813777e-03
-3.072328e-03
3.151056e-03
-3.499995e-03
3.610047e-03
-4.106714e-03
4.269835e-03
-5.033022e-03
5.296639e-03
-6.618548e-03
7.107927e-03
-9.947032e-03
1.111181e-02
-2.132156e-02
2.324775e-02
2.747903e-02
-3.682906e-02
1.384166e-02
-1.139702e-02
7.295108e-03
-6.517003e-03
4.845425e-03
-4.468721e-03
3.566213e-03
-3.344780e-03
2.781310e-03
-2.635761e-03
2.251160e-03
-2.148295e-03
1.869442e-03
-1.792961e-03
1.581765e-03
-1.522733e-03
1.357411e-03
-1.310522e-03
1.177725e-03
-1.139628e-03
1.030719e-03
-9.991957e-04
9.083423e-04
-8.818631e-04
8.049847e-04
-7.824618e-04
7.166183e-04
-6.972562e-04
6.402763e-04
-6.234798e-04
5.737252e-04
-5.590398e-04
5.152510e-04
-5.023239e-04
4.635172e-04
-4.520700e-04
4.174657e-04
-4.072759e-04
3.762482e-04
-3.671358e-04
3.391767e-04
-3.309943e-04
3.056870e-04
-2.983130e-04
2.753126e-04
-2.686456e-04
2.476641e-04
-2.416188e-04
2.224138e-04
-2.169182e-04
1.992842e-04
-1.942769e-04
1.780388e-04
-1.734671e-04
1.584746e-04
-1.542929e-04
1.404162e-04
-1.365852e-04
1.237119e-04
-1.201971e-04
1.082291e-04
-1.050006e-04
9.385201e-05
-9.088322e-05
8.047858e-05
-7.774619e-05
6.801884e-05
-6.550215e-05
5.639304e-05
-5.407363e-05
4.553027e-05
-4.339171e-05
3.536725e-05
-3.339482e-05
2.584736e-05
-2.402785e-05
1.691977e-05
-1.524128e-05
8.538726e-06
-6.990505e-06
6.629257e-07
7.647495e-07
-6.744996e-06
8.060953e-06
-1.371893e-05
1.493120e-05
-2.028970e-05
2.140560e-05
-2.648537e-05
2.751158e-05
-3.233158e-05
3.327422e-05
-3.785177e-05
3.871645e-05
-4.306744e-05
4.385931e-05
-4.799831e-05
4.872212e-05
-5.266254e-05
5.332266e-05
-5.707686e-05
5.767732e-05
-6.125671e-05
6.180123e-05
-6.521633e-05
6.570837e-05
-6.896895e-05
6.941172e-05
-7.252680e-05
7.292326e-05
-7.590125e-05
7.625417e-05
-7.910285e-05
7.941481e-05
-8.214144e-05
8.241483e-05
-8.502618e-05
8.526323e-05
-8.776561e-05
8.796842e-05
-9.036772e-05
9.053823e-05
-9.283998e-05
9.298002e-05
-9.518936e-05
9.530064e-05
-9.742241e-05
9.750655e-05
-9.954529e-05
9.960378e-05
-1.015638e-04
1.015980e-04
-1.034832e-04
1.034946e-04
-1.053088e-04
1.052986e-04
-1.070454e-04
1.070146e-04
-1.086973e-04
1.086472e-04
-1.102690e-04
1.102006e-04
-1.117644e-04
1.116787e-04
-1.131874e-04
1.130853e-04
-1.145416e-04
1.144240e-04
-1.158304e-04
1.156981e-04
-1.170570e-04
1.169108e-04
-1.182244e-04
1.180652e-04
-1.193357e-04
1.191640e-04
-1.203935e-04
1.202101e-04
-1.214006e-04
1.212060e-04
-1.223593e-04
1.221543e-04
-1.232721e-04
1.230571e-04
-1.241412e-04
1.239169e-04
-1.249688e-04
1.247357e-04
-1.257570e-04
1.255155e-04
-1.265077e-04
1.262584e-04
-1.272229e-04
1.269661e-04
-1.279042e-04
1.276405e-04
-1.285535e-04
1.282832e-04
-1.291724e-04
1.288959e-04
-1.297624e-04
1.294801e-04
-1.303252e-04
1.300374e-04
-1.308621e-04
1.305692e-04
-1.313746e-04
1.310769e-04
-1.318640e-04
1.315618e-04
-1.323316e-04
1.320253e-04
-1.327787e-04
1.324685e-04
-1.332065e-04
1.328927e-04
-1.336161e-04
1.332990e-04
-1.340087e-04
1.336885e-04
-1.343855e-04
1.340624e-04
-1.347474e-04
1.344218e-04
-1.350955e-04
1.347675e-04
-1.354308e-04
1.351006e-04
-1.357543e-04
1.354222e-04
-1.360669e-04
1.357331e-04
-1.363696e-04
1.360343e-04
-1.366633e-04
1.363266e-04
-1.369488e-04
1.366111e-04
-1.372272e-04
1.368884e-04
-1.374991e-04
1.371596e-04
-1.377655e-04
1.374254e-04
-1.380272e-04
1.376866e-04
-1.382850e-04
1.379442e-04
-1.385398e-04
1.381988e-04
-1.387923e-04
1.384514e-04
-1.390434e-04
1.387026e-04
-1.392938e-04
1.389534e-04
-1.395444e-04
1.392045e-04
-1.397959e-04
1.394567e-04
-1.400492e-04
1.397108e-04
-1.403051e-04
1.399676e-04
-1.405643e-04
1.402280e-04
-1.408277e-04
1.404926e-04
-1.410962e-04
1.407625e-04
-1.413705e-04
1.410383e-04
-1.416515e-04
1.413210e-04
-1.419400e-04
1.416114e-04
-1.422370e-04
1.419103e-04
-1.425434e-04
1.422188e-04
-1.428600e-04
1.425378e-04
-1.431879e-04
1.428681e-04
-1.435279e-04
1.432107e-04
-1.438812e-04
1.435668e-04
-1.442487e-04
1.439373e-04
-1.446316e-04
1.443233e-04
-1.450309e-04
1.447259e-04
-1.454479e-04
1.451464e-04
-1.458838e-04
1.455860e-04
-1.463397e-04
1.460458e-04
-1.468172e-04
1.465274e-04
-1.473175e-04
1.470321e-04
-1.478421e-04
1.475613e-04
-1.483927e-04
1.481167e-04
-1.489708e-04
1.486999e-04
-1.495782e-04
1.493127e-04
-1.502167e-04
1.499569e-04
-1.508882e-04
1.506344e-04
-1.515950e-04
1.513475e-04
-1.523390e-04
1.520983e-04
-1.531228e-04
1.528892e-04
-1.539489e-04
1.537228e-04
-1.548200e-04
1.546018e-04
-1.557389e-04
1.555291e-04
-1.567088e-04
1.565080e-04
-1.577331e-04
1.575419e-04
-1.588155e-04
1.586344e-04
-1.599599e-04
1.597896e-04
-1.611705e-04
1.610117e-04
-1.624521e-04
1.623056e-04
-1.638097e-04
1.636764e-04
-1.652488e-04
1.651297e-04
-1.667755e-04
1.666716e-04
-1.683965e-04
1.683089e-04
-1.701191e-04
1.700491e-04
-1.719513e-04
1.719004e-04
-1.739020e-04
1.738717e-04
-1.759812e-04
1.759732e-04
-1.781997e-04
1.782161e-04
-1.805699e-04
1.806128e-04
-1.831055e-04
1.831774e-04
-1.858217e-04
1.859255e-04
-1.887360e-04
1.888747e-04
-1.918680e-04
1.920453e-04
-1.952398e-04
1.954598e-04
-1.988768e-04
1.991443e-04
-2.028081e-04
2.031285e-04
-2.070670e-04
2.074468e-04
-2.116924e-04
2.121388e-04
-2.167290e-04
2.172508e-04
-2.222296e-04
2.228369e-04
-2.282561e-04
2.289613e-04
-2.348822e-04
2.356997e-04
-2.421957e-04
2.431433e-04
-2.503027e-04
2.514017e-04
-2.593322e-04
2.606090e-04
-2.694426e-04
2.709301e-04
-2.808310e-04
2.825706e-04
-2.937454e-04
2.957899e-04
-3.085024e-04
3.109203e-04
-3.255127e-04
3.283944e-04
-3.453187e-04
3.487860e-04
-3.686521e-04
3.728731e-04
-3.965243e-04
4.017369e-04
-4.303735e-04
4.369264e-04
-4.723171e-04
4.807417e-04
-5.256052e-04
5.367518e-04
-5.954931e-04
6.108096e-04
-6.910671e-04
7.132279e-04
-8.294984e-04
8.640250e-04
-1.047557e-03
1.107857e-03
-1.440427e-03
1.568771e-03
-2.350725e-03
2.767760e-03
-6.482796e-03
1.356170e-02
-3.733840e-03
-4.429216e-03
1.947399e-03
-1.859516e-03
1.221576e-03
-1.158963e-03
8.703563e-04
-8.322384e-04
6.683344e-04
-6.432391e-04
5.377747e-04
-5.201079e-04
4.466491e-04
-4.335697e-04
3.795185e-04
-3.694590e-04
3.280548e-04
-3.200860e-04
2.873780e-04
-2.809156e-04
2.544415e-04
-2.491002e-04
2.272458e-04
-2.227618e-04
2.044251e-04
-2.006112e-04
1.850145e-04
-1.817347e-04
1.683131e-04
-1.654659e-04
1.537998e-04
-1.513079e-04
1.410789e-04
-1.388825e-04
1.298445e-04
-1.278967e-04
1.198566e-04
-1.181198e-04
1.109242e-04
-1.093682e-04
1.028933e-04
-1.014933e-04
9.563848e-05
-9.437410e-05
8.905645e-05
-8.791076e-05
8.306153e-05
-8.202027e-05
7.758190e-05
-7.663306e-05
7.255702e-05
-7.169034e-05
6.793542e-05
-6.714213e-05
6.367310e-05
-6.294564e-05
5.973224e-05
-5.906405e-05
5.608010e-05
-5.546547e-05
5.268824e-05
-5.212217e-05
4.953182e-05
-4.900993e-05
4.658905e-05
-4.610745e-05
4.384073e-05
-4.339600e-05
4.126989e-05
-4.085897e-05
3.886147e-05
-3.848162e-05
3.660203e-05
-3.625083e-05
3.447960e-05
-3.415485e-05
3.248343e-05
-3.218316e-05
3.060386e-05
-3.032628e-05
2.883218e-05
-2.857569e-05
2.716053e-05
-2.692365e-05
2.558176e-05
-2.536318e-05
2.408943e-05
-2.388791e-05
2.267762e-05
-2.249207e-05
2.134096e-05
-2.117037e-05
2.007455e-05
-1.991798e-05
1.887389e-05
-1.873048e-05
1.773484e-05
-1.760381e-05
1.665362e-05
-1.653424e-05
1.562673e-05
-1.551833e-05
1.465095e-05
-1.455292e-05
1.372331e-05
-1.363507e-05
1.284105e-05
-1.276207e-05
1.200163e-05
-1.193142e-05
1.120267e-05
-1.114077e-05
1.044199e-05
-1.038797e-05
9.717543e-06
-9.671009e-06
9.027418e-06
-8.988000e-06
8.369845e-06
-8.337197e-06
7.743167e-06
-7.716966e-06
7.145837e-06
-7.125781e-06
6.576406e-06
-6.562213e-06
6.033518e-06
-6.024924e-06
5.515904e-06
-5.512660e-06
5.022369e-06
-5.024243e-06
4.551794e-06
-4.558569e-06
4.103127e-06
-4.114598e-06
3.675377e-06
-3.691352e-06
3.267612e-06
-3.287910e-06
2.878954e-06
-2.903406e-06
2.508575e-06
-2.537021e-06
2.155692e-06
-2.187982e-06
1.819569e-06
-1.855562e-06
1.499507e-06
-1.539071e-06
1.194848e-06
-1.237857e-06
9.049669e-07
-9.513051e-07
6.292746e-07
-6.788309e-07
3.672114e-07
-4.198820e-07
1.182474e-07
-1.739349e-07
-1.181198e-07
5.950685e-08
-3.423666e-07
2.809143e-07
-5.549453e-07
4.907341e-07
-7.562851e-07
6.893906e-07
-9.467936e-07
8.772866e-07
-1.126858e-06
1.054805e-06
-1.296847e-06
1.222309e-06
-1.457110e-06
1.380144e-06
-1.607979e-06
1.528639e-06
-1.749771e-06
1.668106e-06
-1.882786e-06
1.798843e-06
-2.007312e-06
1.921132e-06
-2.123619e-06
2.035242e-06
-2.231968e-06
2.141428e-06
-2.332604e-06
2.239934e-06
-2.425762e-06
2.330990e-06
-2.511665e-06
2.414818e-06
-2.590526e-06
2.491625e-06
-2.662544e-06
2.561610e-06
-2.727913e-06
2.624962e-06
-2.786814e-06
2.681861e-06
-2.839421e-06
2.732476e-06
-2.885896e-06
2.776968e-06
-2.926397e-06
2.815491e-06
-2.961069e-06
2.848188e-06
-2.990054e-06
2.875197e-06
-3.013482e-06
2.896647e-06
-3.031478e-06
2.912660e-06
-3.044160e-06
2.923350e-06
-3.051637e-06
2.928825e-06
-3.054015e-06
2.929186e-06
-3.051390e-06
2.924527e-06
-3.043853e-06
2.914936e-06
-3.031488e-06
2.900495e-06
-3.014374e-06
2.881278e-06
-2.992583e-06
2.857356e-06
-2.966181e-06
2.828790e-06
-2.935229e-06
2.795639e-06
-2.899781e-06
2.757953e-06
-2.859886e-06
2.715777e-06
-2.815586e-06
2.669151e-06
-2.766920e-06
2.618108e-06
-2.713919e-06
2.562676e-06
-2.656607e-06
2.502876e-06
-2.595006e-06
2.438722e-06
-2.529127e-06
2.370226e-06
-2.458981e-06
2.297389e-06
-2.384566e-06
2.220208e-06
-2.305881e-06
2.138673e-06
-2.222912e-06
2.052769e-06
-2.135644e-06
1.962470e-06
-2.044050e-06
1.867747e-06
-1.948101e-06
1.768561e-06
-1.847757e-06
1.664868e-06
-1.742973e-06
1.556613e-06
-1.633694e-06
1.443734e-06
-1.519858e-06
1.326162e-06
-1.401394e-06
1.203815e-06
-1.278224e-06
1.076605e-06
-1.150256e-06
9.444313e-07
-1.017392e-06
8.071838e-07
-8.795224e-07
6.647402e-07
-7.365245e-07
5.169659e-07
-5.882651e-07
3.637134e-07
-4.345978e-07
2.048211e-07
-2.753622e-07
4.011229e-08
-1.103831e-07
-1.306058e-07
6.053054e-08
-3.075436e-07
2.375871e-07
-4.909301e-07
4.210134e-07
-6.810149e-07
6.110564e-07
-8.780697e-07
8.079849e-07
-1.082390e-06
1.012091e-06
-1.294299e-06
1.223694e-06
-1.514146e-06
1.443139e-06
-1.742313e-06
1.670803e-06
-1.979217e-06
1.907099e-06
-2.225313e-06
2.152474e-06
-2.481096e-06
2.407418e-06
-2.747109e-06
2.672466e-06
-3.023945e-06
2.948201e-06
-3.312255e-06
3.235266e-06
-3.612751e-06
3.534362e-06
-3.926217e-06
3.846262e-06
-4.253517e-06
4.171813e-06
-4.595602e-06
4.511953e-06
-4.953523e-06
4.867716e-06
-5.328445e-06
5.240244e-06
-5.721659e-06
5.630807e-06
-6.134603e-06
6.040816e-06
-6.568880e-06
6.471844e-06
-7.026283e-06
6.925648e-06
-7.508823e-06
7.404198e-06
-8.018763e-06
7.909710e-06
-8.558658e-06
8.444685e-06
-9.131404e-06
9.011951e-06
-9.740294e-06
9.614726e-06
-1.038909e-05
1.025668e-05
-1.108211e-05
1.094201e-05
-1.182432e-05
1.167558e-05
-1.262149e-05
1.246297e-05
-1.348035e-05
1.331072e-05
-1.440875e-05
1.422645e-05
-1.541600e-05
1.521915e-05
-1.651311e-05
1.629947e-05
-1.771332e-05
1.748015e-05
-1.903257e-05
1.877651e-05
-2.049031e-05
2.020719e-05
-2.211048e-05
2.179506e-05
-2.392292e-05
2.356849e-05
-2.596525e-05
2.556311e-05
-2.828563e-05
2.782424e-05
-3.094670e-05
3.041050e-05
-3.403149e-05
3.339886e-05
-3.765241e-05
3.689252e-05
-4.196549e-05
4.103278e-05
-4.719388e-05
4.601816e-05
-5.366818e-05
5.213557e-05
-6.189987e-05
5.981335e-05
-7.272461e-05
6.971332e-05
-8.760665e-05
8.288865e-05
-1.093650e-04
1.010007e-04
-1.442006e-04
1.259916e-04
-2.088517e-04
1.494102e-04
-3.674325e-04
-2.730696e-04
4.319451e-03
-3.689462e-03
6.690852e-04
-5.577375e-04
2.912269e-04
-2.789039e-04
1.867932e-04
-1.842474e-04
1.380925e-04
-1.375531e-04
1.099259e-04
-1.099277e-04
9.156424e-05
-9.172132e-05
7.864090e-05
-7.883282e-05
6.904603e-05
-6.923247e-05
6.163580e-05
-6.180388e-05
5.573647e-05
-5.588330e-05
5.092543e-05
-5.105177e-05
4.692419e-05
-4.703206e-05
4.354178e-05
-4.363346e-05
4.064290e-05
-4.072055e-05
3.812898e-05
-3.819453e-05
3.592654e-05
-3.598167e-05
3.397967e-05
-3.402580e-05
3.224507e-05
-3.228342e-05
3.068871e-05
-3.072030e-05
2.928344e-05
-2.930914e-05
2.800737e-05
-2.802793e-05
2.684262e-05
-2.685867e-05
2.577449e-05
-2.578656e-05
2.479072e-05
-2.479928e-05
2.388107e-05
-2.388651e-05
2.303687e-05
-2.303953e-05
2.225075e-05
-2.225093e-05
2.151641e-05
-2.151437e-05
2.082842e-05
-2.082439e-05
2.018209e-05
-2.017627e-05
1.957333e-05
-1.956589e-05
1.899858e-05
-1.898967e-05
1.845470e-05
-1.844445e-05
1.793892e-05
-1.792747e-05
1.744881e-05
-1.743625e-05
1.698219e-05
-1.696862e-05
1.653713e-05
-1.652263e-05
1.611190e-05
-1.609655e-05
1.570494e-05
-1.568881e-05
1.531487e-05
-1.529802e-05
1.494041e-05
-1.492290e-05
1.458044e-05
-1.456231e-05
1.423393e-05
-1.421522e-05
1.389992e-05
-1.388068e-05
1.357757e-05
-1.355783e-05
1.326610e-05
-1.324590e-05
1.296479e-05
-1.294415e-05
1.267298e-05
-1.265194e-05
1.239009e-05
-1.236866e-05
1.211554e-05
-1.209376e-05
1.184883e-05
-1.182671e-05
1.158950e-05
-1.156705e-05
1.133709e-05
-1.131434e-05
1.109121e-05
-1.106817e-05
1.085149e-05
-1.082817e-05
1.061756e-05
-1.059398e-05
1.038911e-05
-1.036528e-05
1.016584e-05
-1.014177e-05
9.947454e-06
-9.923150e-06
9.733693e-06
-9.709165e-06
9.524309e-06
-9.499564e-06
9.319067e-06
-9.294112e-06
9.117750e-06
-9.092590e-06
8.920150e-06
-8.894792e-06
8.726074e-06
-8.700522e-06
8.535340e-06
-8.509596e-06
8.347773e-06
-8.321842e-06
8.163210e-06
-8.137096e-06
7.981497e-06
-7.955201e-06
7.802487e-06
-7.776011e-06
7.626040e-06
-7.599386e-06
7.452024e-06
-7.425193e-06
7.280313e-06
-7.253305e-06
7.110785e-06
-7.083601e-06
6.943327e-06
-6.915967e-06
6.777828e-06
-6.750291e-06
6.614183e-06
-6.586468e-06
6.452291e-06
-6.424397e-06
6.292056e-06
-6.263982e-06
6.133383e-06
-6.105127e-06
5.976185e-06
-5.947744e-06
5.820373e-06
-5.791744e-06
5.665864e-06
-5.637046e-06
5.512578e-06
-5.483567e-06
5.360436e-06
-5.331228e-06
5.209361e-06
-5.179953e-06
5.059281e-06
-5.029668e-06
4.910122e-06
-4.880301e-06
4.761815e-06
-4.731780e-06
4.614291e-06
-4.584037e-06
4.467483e-06
-4.437005e-06
4.321324e-06
-4.290616e-06
4.175750e-06
-4.144805e-06
4.030697e-06
-3.999510e-06
3.886101e-06
-3.854665e-06
3.741902e-06
-3.710209e-06
3.598037e-06
-3.566080e-06
3.454444e-06
-3.422215e-06
3.311065e-06
-3.278555e-06
3.167837e-06
-3.135038e-06
3.024701e-06
-2.991604e-06
2.881597e-06
-2.848192e-06
2.738464e-06
-2.704740e-06
2.595242e-06
-2.561189e-06
2.451869e-06
-2.417477e-06
2.308286e-06
-2.273541e-06
2.164429e-06
-2.129321e-06
2.020237e-06
-1.984752e-06
1.875646e-06
-1.839771e-06
1.730592e-06
-1.694312e-06
1.585010e-06
-1.548312e-06
1.438833e-06
-1.401701e-06
1.291995e-06
-1.254412e-06
1.144425e-06
-1.106375e-06
9.960534e-07
-9.575186e-07
8.468077e-07
-8.077694e-07
6.966135e-07
-6.570521e-07
5.453943e-07
-5.052895e-07
3.930714e-07
-3.524018e-07
2.395639e-07
-1.983070e-07
8.478797e-08
-4.292007e-08
-7.134296e-08
1.138467e-07
-2.289185e-07
2.720841e-07
-3.880316e-07
4.318865e-07
-5.487788e-07
5.933518e-07
-7.112603e-07
7.565818e-07
-8.755806e-07
9.216826e-07
-1.041848e-06
1.088765e-06
-1.210178e-06
1.257944e-06
-1.380686e-06
1.429340e-06
-1.553499e-06
1.603080e-06
-1.728746e-06
1.779295e-06
-1.906564e-06
1.958126e-06
-2.087095e-06
2.139716e-06
-2.270490e-06
2.324221e-06
-2.456908e-06
2.511800e-06
-2.646515e-06
2.702624e-06
-2.839488e-06
2.896874e-06
-3.036012e-06
3.094737e-06
-3.236285e-06
3.296415e-06
-3.440514e-06
3.502121e-06
-3.648920e-06
3.712080e-06
-3.861738e-06
3.926530e-06
-4.079216e-06
4.145727e-06
-4.301619e-06
4.369940e-06
-4.529229e-06
4.599459e-06
-4.762347e-06
4.834591e-06
-5.001295e-06
5.075665e-06
-5.246416e-06
5.323033e-06
-5.498078e-06
5.577071e-06
-5.756675e-06
5.838186e-06
-6.022633e-06
6.106810e-06
-6.296406e-06
6.383412e-06
-6.578485e-06
6.668496e-06
-6.869401e-06
6.962607e-06
-7.169727e-06
7.266331e-06
-7.480081e-06
7.580308e-06
-7.801135e-06
7.905228e-06
-8.133621e-06
8.241842e-06
-8.478331e-06
8.590970e-06
-8.836133e-06
8.953503e-06
-9.207972e-06
9.330419e-06
-9.594885e-06
9.722786e-06
-9.998007e-06
1.013178e-05
-1.041859e-05
1.055869e-05
-1.085801e-05
1.100495e-05
-1.131779e-05
1.147213e-05
-1.179962e-05
1.196199e-05
-1.230538e-05
1.247646e-05
-1.283714e-05
1.301772e-05
-1.339726e-05
1.358821e-05
-1.398833e-05
1.419063e-05
-1.461332e-05
1.482807e-05
-1.527555e-05
1.550400e-05
-1.597878e-05
1.622237e-05
-1.672731e-05
1.698766e-05
-1.752605e-05
1.780503e-05
-1.838063e-05
1.868039e-05
-1.929755e-05
1.962059e-05
-2.028437e-05
2.063360e-05
-2.134990e-05
2.172873e-05
-2.250449e-05
2.291694e-05
-2.376038e-05
2.421124e-05
-2.513214e-05
2.562716e-05
-2.663730e-05
2.718340e-05
-2.829706e-05
2.890270e-05
-3.013738e-05
3.081299e-05
-3.219036e-05
3.294892e-05
-3.449617e-05
3.535410e-05
-3.710575e-05
3.808407e-05
-4.008472e-05
4.121082e-05
-4.351902e-05
4.482922e-05
-4.752348e-05
4.906704e-05
-5.225505e-05
5.410045e-05
-5.793407e-05
6.017941e-05
-6.487990e-05
6.767074e-05
-7.357351e-05
7.713553e-05
-8.477455e-05
8.947725e-05
-9.975739e-05
1.062499e-04
-1.208359e-04
1.303714e-04
-1.526948e-04
1.680394e-04
-2.064702e-04
2.351263e-04
-3.166789e-04
3.879559e-04
-6.700721e-04
1.053383e-03
5.052867e-04
-1.307549e-03
5.565688e-04
-4.206588e-04
2.931833e-04
-2.509450e-04
1.995704e-04
-1.792286e-04
1.515991e-04
-1.396593e-04
1.224270e-04
-1.145771e-04
1.028089e-04
-9.725338e-05
8.870790e-05
-8.456731e-05
7.808049e-05
-7.487377e-05
6.978151e-05
-6.722344e-05
6.311933e-05
-6.103012e-05
5.765158e-05
-5.591229e-05
5.308214e-05
-5.161094e-05
4.920529e-05
-4.794406e-05
4.587370e-05
-4.477999e-05
4.297907e-05
-4.202115e-05
4.043999e-05
-3.959371e-05
3.819410e-05
-3.744071e-05
3.619284e-05
-3.551756e-05
3.439779e-05
-3.378885e-05
3.277821e-05
-3.222608e-05
3.130915e-05
-3.080605e-05
2.997020e-05
-2.950972e-05
2.874449e-05
-2.832128e-05
2.761792e-05
-2.722750e-05
2.657867e-05
-2.621726e-05
2.561671e-05
-2.528108e-05
2.472350e-05
-2.441088e-05
2.389171e-05
-2.359973e-05
2.311502e-05
-2.284162e-05
2.238795e-05
-2.213132e-05
2.170572e-05
-2.146431e-05
2.106415e-05
-2.083657e-05
2.045956e-05
-2.024460e-05
1.988871e-05
-1.968530e-05
1.934873e-05
-1.915590e-05
1.883705e-05
-1.865395e-05
1.835139e-05
-1.817726e-05
1.788971e-05
-1.772387e-05
1.745019e-05
-1.729201e-05
1.703115e-05
-1.688009e-05
1.663113e-05
-1.648667e-05
1.624876e-05
-1.611044e-05
1.588282e-05
-1.575024e-05
1.553219e-05
-1.540497e-05
1.519587e-05
-1.507366e-05
1.487293e-05
-1.475541e-05
1.456251e-05
-1.444940e-05
1.426384e-05
-1.415486e-05
1.397620e-05
-1.387112e-05
1.369894e-05
-1.359752e-05
1.343145e-05
-1.333349e-05
1.317317e-05
-1.307846e-05
1.292357e-05
-1.283195e-05
1.268218e-05
-1.259348e-05
1.244855e-05
-1.236262e-05
1.222228e-05
-1.213896e-05
1.200296e-05
-1.192213e-05
1.179025e-05
-1.171178e-05
1.158380e-05
-1.150758e-05
1.138331e-05
-1.130923e-05
1.118849e-05
-1.111644e-05
1.099905e-05
-1.092894e-05
1.081474e-05
-1.074648e-05
1.063533e-05
-1.056883e-05
1.046057e-05
-1.039576e-05
1.029027e-05
-1.022707e-05
1.012422e-05
-1.006256e-05
9.962224e-06
-9.902036e-06
9.804113e-06
-9.745336e-06
9.649715e-06
-9.592289e-06
9.498870e-06
-9.442740e-06
9.351429e-06
-9.296542e-06
9.207248e-06
-9.153553e-06
9.066192e-06
-9.013641e-06
8.928133e-06
-8.876681e-06
8.792948e-06
-8.742552e-06
8.660522e-06
-8.611141e-06
8.530744e-06
-8.482339e-06
8.403510e-06
-8.356043e-06
8.278718e-06
-8.232155e-06
8.156275e-06
-8.110582e-06
8.036088e-06
-7.991232e-06
7.918071e-06
-7.874021e-06
7.802140e-06
-7.758867e-06
7.688216e-06
-7.645692e-06
7.576222e-06
-7.534419e-06
7.466085e-06
-7.424978e-06
7.357734e-06
-7.317298e-06
7.251103e-06
-7.211313e-06
7.146127e-06
-7.106960e-06
7.042742e-06
-7.004177e-06
6.940889e-06
-6.902904e-06
6.840509e-06
-6.803084e-06
6.741547e-06
-6.704662e-06
6.643949e-06
-6.607584e-06
6.547662e-06
-6.511799e-06
6.452636e-06
-6.417256e-06
6.358821e-06
-6.323908e-06
6.266170e-06
-6.231706e-06
6.174637e-06
-6.140606e-06
6.084176e-06
-6.050563e-06
5.994744e-06
-5.961532e-06
5.906297e-06
-5.873473e-06
5.818795e-06
-5.786343e-06
5.732197e-06
-5.700102e-06
5.646462e-06
-5.614710e-06
5.561552e-06
-5.530130e-06
5.477427e-06
-5.446321e-06
5.394051e-06
-5.363248e-06
5.311386e-06
-5.280873e-06
5.229395e-06
-5.199159e-06
5.148042e-06
-5.118071e-06
5.067292e-06
-5.037572e-06
4.987108e-06
-4.957628e-06
4.907456e-06
-4.878203e-06
4.828300e-06
-4.799262e-06
4.749606e-06
-4.720770e-06
4.671338e-06
-4.642693e-06
4.593461e-06
-4.564995e-06
4.515941e-06
-4.487641e-06
4.438743e-06
-4.410597e-06
4.361830e-06
-4.333826e-06
4.285167e-06
-4.257293e-06
4.208719e-06
-4.180962e-06
4.132449e-06
-4.104797e-06
4.056319e-06
-4.028759e-06
3.980292e-06
-3.952812e-06
3.904330e-06
-3.876916e-06
3.828394e-06
-3.801032e-06
3.752443e-06
-3.725120e-06
3.676436e-06
-3.649138e-06
3.600332e-06
-3.573045e-06
3.524086e-06
-3.496795e-06
3.447654e-06
-3.420344e-06
3.370990e-06
-3.343644e-06
3.294045e-06
-3.266648e-06
3.216770e-06
-3.189305e-06
3.139113e-06
-3.111562e-06
3.061020e-06
-3.033365e-06
2.982434e-06
-2.954656e-06
2.903297e-06
-2.875376e-06
2.823547e-06
-2.795461e-06
2.743117e-06
-2.714845e-06
2.661942e-06
-2.633460e-06
2.579947e-06
-2.551231e-06
2.497057e-06
-2.468082e-06
2.413191e-06
-2.383929e-06
2.328264e-06
-2.298685e-06
2.242184e-06
-2.212259e-06
2.154856e-06
-2.124550e-06
2.066175e-06
-2.035454e-06
1.976032e-06
-1.944858e-06
1.884309e-06
-1.852642e-06
1.790878e-06
-1.758675e-06
1.695604e-06
-1.662818e-06
1.598341e-06
-1.564921e-06
1.498929e-06
-1.464822e-06
1.397199e-06
-1.362345e-06
1.292964e-06
-1.257300e-06
1.186023e-06
-1.149479e-06
1.076158e-06
-1.038658e-06
9.631288e-07
-9.245908e-07
8.466747e-07
-8.070073e-07
7.265090e-07
-6.856127e-07
6.023172e-07
-5.600819e-07
4.737524e-07
-4.300569e-07
3.404317e-07
-2.951416e-07
2.019309e-07
-1.548968e-07
5.777839e-08
-8.834167e-09
-9.255096e-08
1.435913e-07
-2.496445e-07
3.029894e-07
-4.141612e-07
4.700453e-07
-5.868428e-07
6.455313e-07
-7.685278e-07
8.303214e-07
-9.601674e-07
1.025409e-06
-1.162846e-06
1.231927e-06
-1.377804e-06
1.451175e-06
-1.606470e-06
1.684652e-06
-1.850493e-06
1.934091e-06
-2.111793e-06
2.201515e-06
-2.392616e-06
2.489292e-06
-2.695603e-06
2.800220e-06
-3.023889e-06
3.137621e-06
-3.381217e-06
3.505479e-06
-3.772097e-06
3.908605e-06
-4.202013e-06
4.352871e-06
-4.677699e-06
4.845516e-06
-5.207520e-06
5.395566e-06
-5.801995e-06
6.014430e-06
-6.474539e-06
6.716734e-06
-7.242535e-06
7.521545e-06
-8.128913e-06
8.454196e-06
-9.164562e-06
9.549092e-06
-1.039210e-05
1.085416e-05
-1.187204e-05
1.243824e-05
-1.369322e-05
1.440383e-05
-1.599165e-05
1.691062e-05
-1.898646e-05
2.022171e-05
-2.305479e-05
2.480349e-05
-2.890496e-05
3.156884e-05
-3.804037e-05
4.257850e-05
-5.429935e-05
6.366545e-05
-9.114958e-05
1.202251e-04
-2.473377e-04
6.998776e-04
-3.689663e-04
-1.707096e-04
9.385618e-05
-8.186714e-05
6.018724e-05
-5.428324e-05
4.429409e-05
-4.097190e-05
3.525064e-05
-3.313767e-05
2.943530e-05
-2.797533e-05
2.538440e-05
-2.431512e-05
2.240044e-05
-2.158295e-05
2.011004e-05
-1.946418e-05
1.829562e-05
-1.777195e-05
1.682192e-05
-1.638831e-05
1.560045e-05
-1.523513e-05
1.457092e-05
-1.425862e-05
1.369083e-05
-1.342052e-05
1.292938e-05
-1.269290e-05
1.226368e-05
-1.205486e-05
1.167639e-05
-1.149048e-05
1.115411e-05
-1.098740e-05
1.068635e-05
-1.053587e-05
1.026475e-05
-1.012814e-05
9.882587e-06
-9.757923e-06
9.534392e-06
-9.420083e-06
9.215659e-06
-9.110391e-06
8.922650e-06
-8.825324e-06
8.652237e-06
-8.561927e-06
8.401782e-06
-8.317702e-06
8.169044e-06
-8.090523e-06
7.952108e-06
-7.878569e-06
7.749329e-06
-7.680273e-06
7.559281e-06
-7.494275e-06
7.380728e-06
-7.319394e-06
7.212590e-06
-7.154597e-06
7.053919e-06
-6.998974e-06
6.903880e-06
-6.851725e-06
6.761736e-06
-6.712142e-06
6.626832e-06
-6.579594e-06
6.498583e-06
-6.453521e-06
6.376470e-06
-6.333418e-06
6.260025e-06
-6.218837e-06
6.148827e-06
-6.109371e-06
6.042499e-06
-6.004655e-06
5.940698e-06
-5.904357e-06
5.843113e-06
-5.808178e-06
5.749465e-06
-5.715844e-06
5.659495e-06
-5.627108e-06
5.572971e-06
-5.541742e-06
5.489679e-06
-5.459539e-06
5.409422e-06
-5.380309e-06
5.332020e-06
-5.303876e-06
5.257310e-06
-5.230081e-06
5.185137e-06
-5.158775e-06
5.115363e-06
-5.089821e-06
5.047857e-06
-5.023094e-06
4.982499e-06
-4.958475e-06
4.919177e-06
-4.895857e-06
4.857790e-06
-4.835139e-06
4.798239e-06
-4.776227e-06
4.740437e-06
-4.719034e-06
4.684300e-06
-4.663478e-06
4.629750e-06
-4.609485e-06
4.576714e-06
-4.556982e-06
4.525126e-06
-4.505903e-06
4.474920e-06
-4.456188e-06
4.426039e-06
-4.407776e-06
4.378426e-06
-4.360615e-06
4.332029e-06
-4.314652e-06
4.286798e-06
-4.269839e-06
4.242687e-06
-4.226130e-06
4.199653e-06
-4.183485e-06
4.157654e-06
-4.141861e-06
4.116652e-06
-4.101221e-06
4.076611e-06
-4.061529e-06
4.037495e-06
-4.022752e-06
3.999272e-06
-3.984858e-06
3.961912e-06
-3.947815e-06
3.925385e-06
-3.911596e-06
3.889664e-06
-3.876174e-06
3.854722e-06
-3.841523e-06
3.820535e-06
-3.807618e-06
3.787079e-06
-3.774436e-06
3.754332e-06
-3.741957e-06
3.722273e-06
-3.710158e-06
3.690882e-06
-3.679020e-06
3.660139e-06
-3.648525e-06
3.630027e-06
-3.618655e-06
3.600528e-06
-3.589392e-06
3.571627e-06
-3.560722e-06
3.543307e-06
-3.532627e-06
3.515553e-06
-3.505095e-06
3.488353e-06
-3.478111e-06
3.461691e-06
-3.451662e-06
3.435557e-06
-3.425736e-06
3.409937e-06
-3.400321e-06
3.384820e-06
-3.375406e-06
3.360195e-06
-3.350979e-06
3.336053e-06
-3.327032e-06
3.312383e-06
-3.303553e-06
3.289175e-06
-3.280535e-06
3.266422e-06
-3.257968e-06
3.244114e-06
-3.235844e-06
3.222244e-06
-3.214156e-06
3.200804e-06
-3.192897e-06
3.179788e-06
-3.172058e-06
3.159188e-06
-3.151635e-06
3.138999e-06
-3.131620e-06
3.119214e-06
-3.112009e-06
3.099828e-06
-3.092795e-06
3.080836e-06
-3.073974e-06
3.062233e-06
-3.055541e-06
3.044015e-06
-3.037493e-06
3.026177e-06
-3.019824e-06
3.008717e-06
-3.002532e-06
2.991630e-06
-2.985612e-06
2.974913e-06
-2.969063e-06
2.958564e-06
-2.952882e-06
2.942580e-06
-2.937067e-06
2.926960e-06
-2.921614e-06
2.911701e-06
-2.906524e-06
2.896803e-06
-2.891795e-06
2.882263e-06
-2.877425e-06
2.868082e-06
-2.863415e-06
2.854259e-06
-2.849764e-06
2.840793e-06
-2.836472e-06
2.827686e-06
-2.823540e-06
2.814938e-06
-2.810969e-06
2.802550e-06
-2.798760e-06
2.790524e-06
-2.786914e-06
2.778860e-06
-2.775434e-06
2.767563e-06
-2.764322e-06
2.756633e-06
-2.753582e-06
2.746075e-06
-2.743216e-06
2.735892e-06
-2.733228e-06
2.726089e-06
-2.723623e-06
2.716669e-06
-2.714406e-06
2.707637e-06
-2.705582e-06
2.699001e-06
-2.697157e-06
2.690765e-06
-2.689138e-06
2.682937e-06
-2.681532e-06
2.675524e-06
-2.674348e-06
2.668535e-06
-2.667593e-06
2.661978e-06
-2.661278e-06
2.655864e-06
-2.655413e-06
2.650203e-06
-2.650008e-06
2.645007e-06
-2.645077e-06
2.640289e-06
-2.640633e-06
2.636062e-06
-2.636690e-06
2.632341e-06
-2.633263e-06
2.629143e-06
-2.630370e-06
2.626483e-06
-2.628029e-06
2.624383e-06
-2.626259e-06
2.622862e-06
-2.625083e-06
2.621941e-06
-2.624523e-06
2.621647e-06
-2.624605e-06
2.622003e-06
-2.625357e-06
2.623040e-06
-2.626808e-06
2.624788e-06
-2.628991e-06
2.627279e-06
-2.631942e-06
2.630552e-06
-2.635698e-06
2.634646e-06
-2.640303e-06
2.639605e-06
-2.645801e-06
2.645475e-06
-2.652244e-06
2.652310e-06
-2.659687e-06
2.660166e-06
-2.668190e-06
2.669106e-06
-2.677820e-06
2.679200e-06
-2.688650e-06
2.690523e-06
-2.700761e-06
2.703159e-06
-2.714244e-06
2.717203e-06
-2.729197e-06
2.732758e-06
-2.745731e-06
2.749938e-06
-2.763969e-06
2.768872e-06
-2.784050e-06
2.789704e-06
-2.806127e-06
2.812596e-06
-2.830375e-06
2.837729e-06
-2.856988e-06
2.865309e-06
-2.886190e-06
2.895568e-06
-2.918233e-06
2.928772e-06
-2.953405e-06
2.965224e-06
-2.992035e-06
3.005272e-06
-3.034505e-06
3.049319e-06
-3.081255e-06
3.097830e-06
-3.132798e-06
3.151350e-06
-3.189735e-06
3.210517e-06
-3.252775e-06
3.276087e-06
-3.322757e-06
3.348959e-06
-3.400687e-06
3.430209e-06
-3.487778e-06
3.521144e-06
-3.585506e-06
3.623356e-06
-3.695687e-06
3.738814e-06
-3.820579e-06
3.869976e-06
-3.963024e-06
4.019953e-06
-4.126655e-06
4.192742e-06
-4.316184e-06
4.393561e-06
-4.537842e-06
4.629360e-06
-4.800039e-06
4.909596e-06
-5.114407e-06
5.247475e-06
-5.497505e-06
5.662013e-06
-5.973738e-06
6.181606e-06
-6.580608e-06
6.850605e-06
-7.378848e-06
7.742247e-06
-8.473621e-06
8.986454e-06
-1.006395e-05
1.083644e-05
-1.257606e-05
1.385175e-05
-1.710455e-05
1.945719e-05
-2.730642e-05
2.700710e-05
1.833582e-04
-2.241885e-04
5.771716e-05
-3.495177e-05
2.239976e-05
-1.762775e-05
1.342726e-05
-1.144677e-05
9.374186e-06
-8.301462e-06
7.072766e-06
-6.402871e-06
5.591966e-06
-5.134937e-06
4.560736e-06
-4.229581e-06
3.802266e-06
-3.551630e-06
3.221654e-06
-3.025607e-06
2.763421e-06
-2.606074e-06
2.392971e-06
-2.264050e-06
2.087617e-06
-1.980185e-06
1.831861e-06
-1.741068e-06
1.614760e-06
-1.537109e-06
1.428363e-06
-1.361275e-06
1.266758e-06
-1.208284e-06
1.125456e-06
-1.074099e-06
1.000988e-06
-9.555782e-07
8.906301e-07
-8.502400e-07
7.922149e-07
-7.560995e-07
7.039953e-07
-6.715496e-07
6.245478e-07
-5.952754e-07
5.527007e-07
-5.261904e-07
4.874812e-07
-4.633895e-07
4.280746e-07
-4.061123e-07
3.737934e-07
-3.537153e-07
3.240538e-07
-3.056506e-07
2.783565e-07
-2.614484e-07
2.362721e-07
-2.207039e-07
1.974293e-07
-1.830663e-07
1.615053e-07
-1.482300e-07
1.282184e-07
-1.159279e-07
9.732138e-08
-8.592507e-08
6.859648e-08
-5.801434e-08
4.185121e-08
-3.201231e-08
1.691474e-08
-7.755969e-09
-6.365036e-09
1.490004e-08
-2.812402e-08
3.608571e-08
-4.848399e-08
5.591768e-08
-6.755439e-08
7.450089e-08
-8.543381e-08
9.192998e-08
-1.022114e-07
1.082906e-07
-1.179678e-07
1.236603e-07
-1.327763e-07
1.381096e-07
-1.467036e-07
1.517029e-07
-1.598105e-07
1.644986e-07
-1.721524e-07
1.765503e-07
-1.837803e-07
1.879073e-07
-1.947408e-07
1.986144e-07
-2.050767e-07
2.087133e-07
-2.148274e-07
2.182420e-07
-2.240294e-07
2.272357e-07
-2.327162e-07
2.357269e-07
-2.409187e-07
2.437459e-07
-2.486659e-07
2.513203e-07
-2.559842e-07
2.584761e-07
-2.628986e-07
2.652374e-07
-2.694319e-07
2.716265e-07
-2.756056e-07
2.776641e-07
-2.814396e-07
2.833698e-07
-2.869527e-07
2.887616e-07
-2.921621e-07
2.938564e-07
-2.970842e-07
2.986702e-07
-3.017343e-07
3.032178e-07
-3.061265e-07
3.075130e-07
-3.102742e-07
3.115689e-07
-3.141901e-07
3.153978e-07
-3.178859e-07
3.190112e-07
-3.213728e-07
3.224199e-07
-3.246612e-07
3.256342e-07
-3.277609e-07
3.286636e-07
-3.306813e-07
3.315172e-07
-3.334311e-07
3.342036e-07
-3.360185e-07
3.367309e-07
-3.384514e-07
3.391067e-07
-3.407373e-07
3.413382e-07
-3.428829e-07
3.434323e-07
-3.448951e-07
3.453954e-07
-3.467800e-07
3.472337e-07
-3.485437e-07
3.489531e-07
-3.501917e-07
3.505590e-07
-3.517294e-07
3.520566e-07
-3.531619e-07
3.534510e-07
-3.544941e-07
3.547470e-07
-3.557304e-07
3.559489e-07
-3.568754e-07
3.570611e-07
-3.579331e-07
3.580877e-07
-3.589076e-07
3.590325e-07
-3.598025e-07
3.598992e-07
-3.606215e-07
3.606915e-07
-3.613680e-07
3.614125e-07
-3.620453e-07
3.620657e-07
-3.626566e-07
3.626539e-07
-3.632047e-07
3.631802e-07
-3.636925e-07
3.636473e-07
-3.641228e-07
3.640579e-07
-3.644982e-07
3.644145e-07
-3.648210e-07
3.647197e-07
-3.650939e-07
3.649757e-07
-3.653189e-07
3.651848e-07
-3.654983e-07
3.653490e-07
-3.656341e-07
3.654706e-07
-3.657284e-07
3.655514e-07
-3.657831e-07
3.655933e-07
-3.658001e-07
3.655981e-07
-3.657809e-07
3.655675e-07
-3.657275e-07
3.655033e-07
-3.656413e-07
3.654069e-07
-3.655240e-07
3.652800e-07
-3.653770e-07
3.651240e-07
-3.652017e-07
3.649403e-07
-3.649996e-07
3.647302e-07
-3.647719e-07
3.644951e-07
-3.645200e-07
3.642362e-07
-3.642450e-07
3.639547e-07
-3.639481e-07
3.636518e-07
-3.636305e-07
3.633285e-07
-3.632932e-07
3.629860e-07
-3.629372e-07
3.626252e-07
-3.625637e-07
3.622472e-07
-3.621734e-07
3.618528e-07
-3.617674e-07
3.614431e-07
-3.613466e-07
3.610189e-07
-3.609118e-07
3.605810e-07
-3.604639e-07
3.601302e-07
-3.600036e-07
3.596674e-07
-3.595316e-07
3.591933e-07
-3.590489e-07
3.587086e-07
-3.585560e-07
3.582140e-07
-3.580536e-07
3.577102e-07
-3.575425e-07
3.571979e-07
-3.570232e-07
3.566776e-07
-3.564963e-07
3.561501e-07
-3.559625e-07
3.556157e-07
-3.554224e-07
3.550752e-07
-3.548763e-07
3.545291e-07
-3.543250e-07
3.539779e-07
-3.537689e-07
3.534220e-07
-3.532085e-07
3.528620e-07
-3.526442e-07
3.522983e-07
-3.520766e-07
3.517315e-07
-3.515061e-07
3.511618e-07
-3.509330e-07
3.505898e-07
-3.503578e-07
3.500159e-07
-3.497810e-07
3.494403e-07
-3.492028e-07
3.488636e-07
-3.486236e-07
3.482860e-07
-3.480438e-07
3.477080e-07
-3.474638e-07
3.471298e-07
-3.468838e-07
3.465517e-07
-3.463042e-07
3.459741e-07
-3.457253e-07
3.453974e-07
-3.451473e-07
3.448216e-07
-3.445706e-07
3.442473e-07
-3.439955e-07
3.436745e-07
-3.434221e-07
3.431036e-07
-3.428507e-07
3.425348e-07
-3.422816e-07
3.419684e-07
-3.417150e-07
3.414045e-07
-3.411512e-07
3.408435e-07
-3.405903e-07
3.402854e-07
-3.400326e-07
3.397306e-07
-3.394782e-07
3.391792e-07
-3.389273e-07
3.386314e-07
-3.383802e-07
3.380873e-07
-3.378370e-07
3.375472e-07
-3.372978e-07
3.370112e-07
-3.367629e-07
3.364795e-07
-3.362323e-07
3.359522e-07
-3.357063e-07
3.354294e-07
-3.351849e-07
3.349114e-07
-3.346684e-07
3.343982e-07
-3.341568e-07
3.338900e-07
-3.336502e-07
3.333868e-07
-3.331488e-07
3.328888e-07
-3.326526e-07
3.323962e-07
-3.321619e-07
3.319089e-07
-3.316766e-07
3.314271e-07
-3.311970e-07
3.309510e-07
-3.307230e-07
3.304805e-07
-3.302547e-07
3.300157e-07
-3.297923e-07
3.295569e-07
-3.293357e-07
3.291039e-07
-3.288852e-07
3.286569e-07
-3.284407e-07
3.282159e-07
-3.280023e-07
3.277811e-07
-3.275700e-07
3.273524e-07
-3.271439e-07
3.269299e-07
-3.267241e-07
3.265136e-07
-3.263107e-07
3.261037e-07
-3.259035e-07
3.257000e-07
-3.255027e-07
3.253028e-07
-3.251083e-07
3.249119e-07
-3.247204e-07
3.245274e-07
-3.243389e-07
3.241494e-07
-3.239638e-07
3.237779e-07
-3.235953e-07
3.234128e-07
-3.232332e-07
3.230541e-07
-3.228777e-07
3.227020e-07
-3.225287e-07
3.223564e-07
-3.221862e-07
3.220172e-07
-3.218502e-07
3.216845e-07
-3.215207e-07
3.213583e-07
-3.211977e-07
3.210386e-07
